  360.000000    3.158257    6.486961    0.000704    0.000007   30.638357  -241.130295   16.815603    0.000117  -184.030289
  568.000000    3.237154    7.022490    0.001796    0.039683   28.059391  -240.759995   16.824970    0.000179  -185.574326
  531.000000    3.060427    6.548484    0.002775    0.126775   26.210052  -240.256714   16.846695    0.000769  -187.460739
  469.000000    2.918091    6.277558    0.002521    0.355525   23.624035  -239.510620   16.880686    0.001583  -189.450607
  427.000000    2.841548    6.065437    0.001932    0.748810   21.614971  -238.722748   16.925333    0.001026  -190.523682
  460.000000    2.891297    6.126916    0.003023    1.090688   19.381081  -237.804901   16.973467    0.004847  -191.333572
  417.000000    2.874388    5.996736    0.002343    1.288702   18.553638  -237.070267   17.076277    0.002046  -191.276138
  398.000000    2.903753    6.081854    0.002813    1.052197   18.075722  -236.272903   17.206003    0.001531  -190.949036
  384.000000    2.912173    6.092328    0.001544    0.341475   17.786989  -235.322510   17.341803    0.000190  -190.846024
  265.000000    2.792331    5.688991    0.001709    0.051414   18.813097  -234.433350   17.590368    0.000203  -189.495255
  232.000000    2.745860    5.720918    0.001761    0.536249   18.877840  -233.650711   17.812836    0.000017  -187.955231
  253.000000    2.798713    5.892265    0.002444    0.920430   18.740482  -233.058624   18.032585    0.000155  -186.671539
  224.000000    2.762426    5.825382    0.002222    0.961809   19.507479  -232.598267   18.175705    0.000045  -185.363190
  306.000000    2.889431    6.480302    0.005907    0.671196   18.781250  -231.988800   18.255033    0.000027  -184.905640
  325.000000    2.941569    6.664269    0.004024    0.419501   19.633644  -231.431351   18.339052    0.000490  -183.428802
  348.000000    2.896395    6.794431    0.005093    0.262328   21.289949  -230.846893   18.438906    0.000588  -181.159195
  234.000000    2.883112    6.719738    0.003738    0.183354   24.957184  -230.416199   18.529959    0.001250  -177.137863
  125.000000    2.805783    6.199992    0.001531    0.110560   29.110403  -230.144394   18.613947    0.001161  -173.301010
  143.000000    2.928397    6.651752    0.001983    0.018258   29.332745  -229.942627   18.637800    0.000682  -172.371002
  181.000000    2.918546    6.776605    0.001824    0.070774   27.572315  -230.018143   18.608303    0.001552  -174.068207
  220.000000    2.875056    6.651594    0.003118    0.192893   25.081545  -230.417664   18.516275    0.000003  -177.097183
  330.000000    2.922850    6.791674    0.005417    0.268468   21.411720  -230.813431   18.423508    0.000026  -180.989761
  310.000000    2.917870    6.594261    0.004846    0.436119   19.732143  -231.419388   18.328947    0.000198  -183.404999
  276.000000    2.872491    6.398026    0.004103    0.685955   19.066433  -232.023666   18.248381    0.000100  -184.748169
  201.000000    2.716813    5.665883    0.003180    0.993545   19.948135  -232.648163   18.158934    0.001955  -185.159714
  252.000000    2.847216    5.990391    0.003372    0.950675   18.490423  -233.039612   18.031454    0.000102  -186.725983
  213.000000    2.760686    5.695568    0.002726    0.532318   18.978365  -233.679520   17.800222    0.000002  -187.909637
  262.000000    2.749475    5.613726    0.001987    0.057798   18.885866  -234.474548   17.578508    0.000283  -189.586899
  419.000000    2.928043    6.185003    0.002243    0.361998   17.608768  -235.328690   17.346876    0.000290  -190.895462
  475.000000    2.996670    6.287531    0.001766    1.050117   17.417294  -236.255280   17.205305    0.004001  -191.292603
  456.000000    2.904800    6.199520    0.001997    1.345005   18.082899  -237.025635   17.078434    0.005451  -191.407532
  494.000000    2.940649    6.243915    0.002923    1.154274   19.189774  -237.841599   16.978092    0.001854  -191.330109
  493.000000    2.895200    6.264788    0.002099    0.779073   21.123007  -238.669525   16.926804    0.004061  -190.674500
  512.000000    2.965256    6.352958    0.001935    0.404820   23.522062  -239.488358   16.889782    0.002000  -189.349548
  451.000000    3.025836    6.354265    0.002061    0.173697   26.813021  -240.344193   16.854601    0.000749  -187.119965
  365.000000    3.052937    6.272107    0.001736    0.067449   29.962105  -240.938110   16.831089    0.000016  -184.750671
  370.000000    3.180991    6.519312    0.001361    0.017694   30.538736  -241.058853   16.812408    0.000068  -183.988281
