  398.000000    3.188156    6.609849    0.000660    0.000007   30.349014  -241.108643   16.814907    0.000087  -184.145950
  431.000000    3.059044    6.475795    0.003607    0.184791   27.958532  -240.769989   16.900423    0.000613  -186.187195
 1167.000000    2.771628    6.247607    0.022385    0.482118   19.398632  -239.486908   17.208349    0.001221  -193.354980
  920.000000    2.562644    5.580614    0.031732    1.125435   13.672152  -238.168884   17.572632    0.000533  -197.623138
  570.000000    2.487303    5.086415    0.030017    1.793281    9.572678  -236.260910   18.044769    0.003934  -199.242508
  495.000000    2.504874    4.960286    0.040289    1.803878    6.584454  -234.074432   18.697817    0.003233  -199.479599
  538.000000    2.536613    4.910459    0.039306    1.338568    5.368728  -232.349609   19.455505    0.002220  -198.698196
  426.000000    2.516997    4.768277    0.029030    1.005565    5.488384  -231.238892   20.175890    0.002251  -197.252487
  533.000000    2.606272    4.898671    0.018603    0.596498    4.570915  -230.442871   20.906689    0.001131  -196.844086
  342.000000    2.446774    4.518429    0.004147    0.082550    5.561033  -229.969589   21.746630    0.000221  -195.609818
  395.000000    2.481479    4.760345    0.008028    1.075897    4.085240  -229.476227   22.711121    0.002233  -194.351883
  299.000000    2.394243    4.634006    0.012656    2.507024    4.556481  -229.164398   23.328295    0.003656  -191.728027
  342.000000    2.438493    4.951929    0.023121    2.540267    4.204154  -228.836319   23.696781    0.002487  -190.979095
  290.000000    2.389216    4.999902    0.020097    2.116062    5.831107  -228.614563   23.992199    0.001390  -189.264587
  338.000000    2.428382    5.272582    0.025385    1.518291    8.064006  -228.391998   24.283247    0.000350  -186.799744
  304.000000    2.445092    5.518329    0.021340    0.909509   11.768699  -228.237305   24.547920    0.000053  -183.026382
  271.000000    2.567849    5.869673    0.018429    0.469863   16.196987  -228.047226   24.812737    0.000003  -178.111694
  171.000000    2.620835    5.847850    0.004930    0.174939   22.083923  -228.016876   25.024338    0.000018  -172.260040
  156.000000    2.728216    6.013107    0.001311    0.009782   24.501852  -227.984848   25.106039    0.000923  -169.623611
  176.000000    2.637897    5.817716    0.004323    0.172115   22.256359  -227.983765   25.025679    0.000029  -172.069641
  224.000000    2.532430    5.678170    0.014465    0.514605   16.925436  -228.026031   24.828890    0.000010  -177.532028
  232.000000    2.431000    5.397620    0.021167    0.935780   12.410387  -228.249222   24.571705    0.000661  -182.480911
  338.000000    2.434583    5.275774    0.024961    1.504523    8.204285  -228.413910   24.284727    0.000446  -186.684616
  304.000000    2.403084    5.035565    0.022291    2.126457    5.859399  -228.639099   23.993452    0.001513  -189.197342
  304.000000    2.421186    4.872014    0.018657    2.565196    4.538092  -228.839935   23.712215    0.002601  -190.709976
  318.000000    2.412751    4.708859    0.016331    2.474862    4.432620  -229.161285   23.355768    0.003679  -191.756409
  290.000000    2.340970    4.409609    0.007449    1.125423    5.591926  -229.547592   22.750820    0.002485  -193.318909
  332.000000    2.435221    4.494709    0.003709    0.090189    5.743145  -229.957336   21.771196    0.000351  -195.418823
  398.000000    2.492943    4.651679    0.016118    0.628163    5.471990  -230.518341   20.933798    0.001481  -196.322174
  605.000000    2.599693    4.980707    0.033329    0.959569    4.392283  -231.192764   20.218769    0.001653  -198.006775
  694.000000    2.609290    5.095122    0.049919    1.354009    4.391601  -232.338898   19.484058    0.002906  -199.352005
  642.000000    2.544836    5.069560    0.040808    1.757492    6.086780  -234.049255   18.716816    0.001274  -199.831696
  651.000000    2.484864    5.150893    0.039731    1.741350    9.119412  -236.223511   18.058296    0.003901  -199.625061
  858.000000    2.550391    5.566357    0.030205    1.099729   13.604412  -238.114288   17.588419    0.000544  -197.674225
 1164.000000    2.766860    6.251581    0.022774    0.460059   19.297049  -239.427795   17.224583    0.000039  -193.404846
  578.000000    3.105072    6.736670    0.005637    0.155754   27.154842  -240.656876   16.910223    0.000639  -186.588043
  382.000000    3.189698    6.541424    0.001566    0.015853   30.481766  -241.079483   16.815483    0.000267  -184.033417
