 1499.000000    3.813897    6.151818    0.014705    0.000358    2.445978  -57.458179  -300.804199   15.392876    0.000034  -330.442719
 1844.000000    3.590139    5.782698    0.011198    0.159417    3.687800  -58.408562  -300.624268   15.407716    0.000616  -330.393250
 2439.000000    3.209726    5.162687    0.014985    0.303197    7.314411  -60.880676  -300.320282   15.462049    0.004264  -329.729645
 2051.000000    2.933518    4.725874    0.015303    0.353551   11.905591  -63.536991  -299.902252   15.555735    0.004798  -327.944885
 1970.000000    2.768819    4.484152    0.013377    0.459000   17.035866  -65.969162  -299.484528   15.667124    0.010390  -325.014984
 1796.000000    2.700105    4.411674    0.013195    0.666752   22.424404  -67.881126  -299.147766   15.788125    0.014858  -321.009796
 1824.000000    2.682532    4.403098    0.012792    0.799533   27.957767  -69.298683  -298.877991   15.941492    0.014882  -316.364563
 1478.000000    2.660769    4.374160    0.012411    0.631479   32.740124  -69.939011  -298.561920   16.165709    0.010451  -311.905853
  648.000000    2.686749    4.403841    0.011433    0.279880   35.948353  -70.205620  -298.143433   16.423000    0.001565  -308.594238
  778.000000    2.673631    4.386278    0.012073    0.086692   36.439400  -70.350456  -297.714172   16.759556    0.000006  -307.707001
  800.000000    2.630688    4.361184    0.011416    0.270612   34.550011  -70.341309  -297.524078   17.004177    0.002754  -309.034546
  571.000000    2.688024    4.444726    0.012374    0.394084   31.251778  -70.077530  -297.637085   17.211611    0.003461  -311.708588
  796.000000    2.650750    4.401536    0.015807    0.451082   26.990242  -69.298309  -297.680817   17.373978    0.005804  -315.089966
  444.000000    2.657369    4.430297    0.017717    0.472153   22.412394  -68.220291  -297.657135   17.530558    0.002942  -318.354034
  662.000000    2.713495    4.518637    0.025453    0.609974   17.448368  -66.751862  -297.595551   17.682163    0.003169  -321.346161
 1852.000000    2.845492    4.675902    0.029135    0.860960   12.017390  -64.644226  -297.314697   17.823143    0.002219  -323.704651
 1743.000000    3.176454    5.161969    0.027466    1.065676    6.882360  -62.149406  -296.914215   17.957226    0.001354  -324.791138
 1296.000000    3.742086    5.899869    0.020137    0.596431    2.225671  -59.036129  -296.447937   18.097870    0.000704  -324.901306
 1680.000000    4.135483    6.432367    0.013412    0.000250    0.000101  -57.458626  -296.222565   18.176352    0.000240  -324.922974
 1359.000000    3.727502    5.925156    0.021099    0.616342    2.404364  -59.190067  -296.472687   18.097549    0.000520  -324.870209
  461.000000    3.227062    5.157002    0.026662    1.005039    6.958896  -61.950127  -296.890106   17.966614    0.000904  -324.498047
 1436.000000    2.845528    4.663872    0.028248    0.860016   12.112350  -64.618279  -297.320312   17.824677    0.001601  -323.602325
 1479.000000    2.700039    4.532793    0.028077    0.629671   17.450325  -66.869850  -297.620026   17.683777    0.002572  -321.462646
  911.000000    2.663740    4.433579    0.019514    0.454458   22.274450  -68.191559  -297.687317   17.533791    0.004441  -318.494904
  486.000000    2.637728    4.370489    0.015258    0.464491   27.061920  -69.242920  -297.657928   17.375103    0.004223  -314.971649
  767.000000    2.687645    4.451941    0.012366    0.410665   31.301191  -70.155388  -297.622437   17.210190    0.003396  -311.700409
  774.000000    2.635069    4.373854    0.012425    0.270383   34.595383  -70.340134  -297.536560   17.013195    0.002321  -308.974091
 1021.000000    2.670534    4.404528    0.010736    0.089240   36.385315  -70.394554  -297.698395   16.763494    0.000007  -307.769104
  657.000000    2.679151    4.384693    0.013332    0.279430   35.922737  -70.210220  -298.129761   16.428383    0.001964  -308.630310
  814.000000    2.652835    4.340222    0.010219    0.663682   32.652203  -69.819954  -298.516846   16.161686    0.010561  -311.845398
  939.000000    2.665091    4.358643    0.013286    0.809884   27.878082  -69.115906  -298.855804   15.943089    0.011613  -316.292023
 1326.000000    2.694805    4.403170    0.013871    0.679047   22.346540  -67.805458  -299.109467   15.797429    0.011443  -320.968628
 2687.000000    2.760486    4.517595    0.014152    0.447893   16.956944  -66.045212  -299.507324   15.668821    0.008090  -325.178558
  912.000000    2.943063    4.726103    0.014038    0.364072   11.831313  -63.296551  -299.874268   15.557706    0.005162  -327.729370
 1116.000000    3.208355    5.122821    0.012364    0.277857    7.267306  -60.529068  -300.268402   15.465343    0.002694  -329.440735
 2644.000000    3.595085    5.824267    0.012738    0.148392    3.669430  -58.515953  -300.667358   15.405960    0.001343  -330.526123
 1061.000000    3.799360    6.133996    0.016397    0.000304    2.445978  -57.375549  -300.771545   15.393934    0.000020  -330.357117
