 4999.000000    3.723159    5.995213    0.012425    0.000633  -57.030251  -300.683350   15.393393    0.000087  -332.588684
 4999.000000    3.539881    5.664075    0.010659    0.123858  -57.874401  -300.505737   15.409096    0.000016  -333.632538
 5000.000000    3.173629    5.015716    0.012177    0.263821  -60.228645  -300.168243   15.464919    0.000393  -336.466248
 5000.000000    2.917048    4.621881    0.012493    0.337928  -63.036942  -299.782898   15.555746    0.000282  -339.374451
 5000.000000    2.758634    4.396484    0.011656    0.493751  -65.567169  -299.376587   15.667657    0.000934  -341.614624
 5000.000000    2.696054    4.334884    0.011351    0.742462  -67.578461  -299.051636   15.790022    0.001994  -343.053345
 5000.000000    2.677052    4.326133    0.009717    0.869535  -69.017899  -298.793884   15.939145    0.000175  -343.990021
 5000.000000    2.679895    4.327304    0.010330    0.705129  -69.748100  -298.491394   16.160648    0.000702  -344.355499
 4985.000000    2.682764    4.377809    0.009552    0.273948  -70.100182  -298.094940   16.424311    0.000770  -344.425964
 4649.000000    2.687486    4.370895    0.009614    0.075810  -70.271980  -297.647247   16.765018    0.000007  -344.010406
 4557.000000    2.686335    4.376570    0.010101    0.256305  -70.264046  -297.493103   17.014801    0.000000  -343.413025
 4742.000000    2.672223    4.384995    0.012711    0.404726  -69.976501  -297.561523   17.212177    0.000005  -342.851166
 4378.000000    2.675586    4.395645    0.013930    0.448640  -69.198532  -297.633240   17.383072    0.000098  -341.914825
 4500.000000    2.678451    4.427075    0.015483    0.461018  -68.162796  -297.656281   17.534798    0.000014  -340.702271
 4786.000000    2.721145    4.482993    0.021234    0.602338  -66.602798  -297.544342   17.688997    0.000428  -338.630005
 4031.000000    2.891959    4.629584    0.021819    0.778522  -64.216087  -297.213318   17.837852    0.001492  -335.268158
 4892.000000    3.220101    5.121128    0.024386    0.956135  -61.693287  -296.857635   17.968124    0.001548  -331.259491
 4571.000000    3.778334    5.874502    0.017701    0.543613  -58.705509  -296.417725   18.103502    0.001371  -326.804199
 4494.000000    4.165503    6.382404    0.013405    0.000311  -57.057499  -296.188263   18.179205    0.000013  -324.504944
 5000.000000    3.757575    5.879700    0.019313    0.565620  -58.867657  -296.441315   18.101805    0.002231  -326.982727
 4889.000000    3.214733    5.115440    0.023374    0.949688  -61.734413  -296.864929   17.968182    0.002240  -331.325714
 4120.000000    2.886115    4.625213    0.021064    0.779218  -64.266373  -297.225494   17.837345    0.001257  -335.341675
 4499.000000    2.727435    4.477136    0.023069    0.596316  -66.576714  -297.537170   17.692238    0.000079  -338.597595
 3784.000000    2.693527    4.401133    0.015129    0.444664  -68.023010  -297.600342   17.544313    0.000000  -340.524597
 4512.000000    2.676775    4.401184    0.013694    0.451028  -69.226631  -297.641388   17.384418    0.000009  -341.940918
 4729.000000    2.674950    4.383202    0.011233    0.402567  -69.989944  -297.554016   17.213110    0.000004  -342.858917
 4530.000000    2.679713    4.371938    0.010695    0.254580  -70.274788  -297.488525   17.016855    0.000150  -343.429382
 4269.000000    2.682441    4.346747    0.009427    0.076893  -70.207359  -297.625092   16.765139    0.000003  -343.951813
 5000.000000    2.685110    4.377498    0.009894    0.272352  -70.101768  -298.098633   16.425344    0.000182  -344.430023
 5000.000000    2.678432    4.326854    0.009435    0.714643  -69.723694  -298.486237   16.159866    0.002458  -344.318207
 4999.000000    2.677432    4.330698    0.010452    0.866407  -69.004776  -298.789398   15.940556    0.002058  -343.966583
 5000.000000    2.688782    4.345516    0.011863    0.736649  -67.558372  -299.050049   15.793702    0.000005  -343.031921
 4999.000000    2.760972    4.407577    0.011335    0.493888  -65.533524  -299.387543   15.668262    0.000739  -341.578278
 5000.000000    2.924782    4.628799    0.012003    0.330847  -62.992168  -299.791199   15.557007    0.000387  -339.329529
 5000.000000    3.185447    5.036661    0.010950    0.255448  -60.213589  -300.175354   15.467377    0.000408  -336.432678
 5000.000000    3.546827    5.670688    0.011860    0.113560  -57.862328  -300.511139   15.409779    0.000910  -333.619812
 5000.000000    3.722764    5.995327    0.012329    0.001005  -57.032093  -300.679474   15.392096    0.000307  -332.587738
