-8.0	1.5369675214001417
-7.989987484355444	1.5428838317502975
-7.979974968710889	1.5446243303422151
-7.969962453066333	1.547416878525492
-7.9599499374217775	1.5538054500231924
-7.949937421777221	1.562604873394483
-7.939924906132666	1.5701734503338838
-7.92991239048811	1.5743663145734885
-7.919899874843554	1.5786010336962757
-7.909887359198999	1.5918595913805489
-7.899874843554443	1.6231936424471585
-7.889862327909888	1.6745428922675063
-7.8798498122653315	1.737846012152626
-7.869837296620776	1.7991383000782333
-7.85982478097622	1.8469480856493523
-7.849812265331664	1.8792818906566227
-7.839799749687109	1.9045536538082766
-7.829787234042553	1.9361555470739193
-7.819774718397998	1.984996844482723
-7.809762202753442	2.0552655935222033
-7.7997496871088865	2.1450071287688472
-7.78973717146433	2.2487661321774057
-7.779724655819774	2.358827420449154
-7.769712140175219	2.464714975281304
-7.759699624530663	2.553938790386209
-7.749687108886108	2.6164856901455633
-7.739674593241552	2.6509674970261945
-7.729662077596997	2.6667501673873457
-7.719649561952441	2.6790231019950057
-7.7096370463078845	2.700531188037648
-7.699624530663329	2.7367316330378455
-7.689612015018773	2.7871298765849835
-7.679599499374218	2.8499755982229305
-7.669586983729662	2.9263639345492036
-7.659574468085107	3.0217120356773854
-7.649561952440551	3.143392449903613
-7.639549436795995	3.294157986132454
-7.629536921151439	3.4650051527561367
-7.619524405506883	3.6346376643626854
-7.609511889862328	3.778821607025865
-7.599499374217772	3.883640981298319
-7.589486858573217	3.9525494360652464
-7.579474342928661	4.0031188577137495
-7.569461827284105	4.05796173009191
-7.55944931163955	4.136056493330672
-7.5494367959949935	4.246628207634446
-7.539424280350438	4.385783288336061
-7.529411764705882	4.5382089920124455
-7.519399249061326	4.685864517590703
-7.509386733416771	4.819381536740923
-7.499374217772215	4.942936683818372
-7.48936170212766	5.067763200507169
-7.479349186483104	5.200075987021119
-7.4693366708385485	5.33431249673139
-7.459324155193992	5.456482019050569
-7.449311639549437	5.55267567241991
-7.439299123904881	5.6155751340009115
-7.429286608260325	5.647046495202014
-7.41927409261577	5.6580367803747995
-7.409261576971214	5.664995555625864
-7.399249061326659	5.682273305368001
-7.3892365456821025	5.715077549924366
-7.3792240300375465	5.7593173053477456
-7.369211514392991	5.8083301555678775
-7.359198998748435	5.859985563274804
-7.34918648310388	5.918955978516909
-7.339173967459324	5.994409627983791
-7.329161451814769	6.095684820095602
-7.319148936170213	6.227605058134797
-7.3091364205256575	6.386868714478727
-7.299123904881101	6.561587293910591
-7.289111389236545	6.735007225571047
-7.27909887359199	6.8915125575293565
-7.269086357947434	7.02123893801021
-7.259073842302879	7.121374678334869
-7.249061326658323	7.1952952997637905
-7.239048811013767	7.251118741038386
-7.2290362953692116	7.299416729775879
-7.2190237797246555	7.349404273297077
-7.2090112640801	7.404902813515388
-7.198998748435544	7.463026657122024
-7.188986232790989	7.5173576927181305
-7.178973717146433	7.563271987343302
-7.168961201501878	7.599794621540768
-7.158948685857322	7.625535205341198
-7.148936170212766	7.634596531157343
-7.13892365456821	7.620736250216788
-7.128911138923654	7.588289897976118
-7.118898623279099	7.557616139422636
-7.108886107634543	7.556333020253103
-7.098873591989987	7.602552980419136
-7.088861076345432	7.694719247748091
-7.078848560700876	7.81522933063408
-7.068836045056321	7.941804937613041
-7.0588235294117645	8.056243097179646
-7.048811013767209	8.146855190377323
-7.038798498122653	8.208429966864532
-7.028785982478098	8.243345137967683
-7.018773466833542	8.261966487615323
-7.008760951188986	8.278383714996862
-6.998748435544431	8.301965009596758
-6.988735919899875	8.330629804640786
-6.9787234042553195	8.351870092941397
-6.968710888610763	8.351968872016796
-6.958698372966207	8.326950340957703
-6.948685857321652	8.286359208266116
-6.938673341677096	8.246410916201866
-6.928660826032541	8.218597242081724
-6.918648310387985	8.203970921450594
-6.908635794743429	8.197220456924114
-6.8986232790988735	8.194637236235222
-6.888610763454318	8.196829977939236
-6.878598247809762	8.203637044229259
-6.868585732165206	8.207575658841385
-6.858573216520651	8.193760732444561
-6.848560700876095	8.147265273497194
-6.83854818523154	8.061148348923048
-6.828535669586984	7.938014467798072
-6.818523153942428	7.785313679396949
-6.808510638297872	7.611365169852898
-6.798498122653316	7.426841535258648
-6.788485607008761	7.2476798204583055
-6.778473091364205	7.091999493541713
-6.768460575719649	6.970801128633276
-6.758448060075094	6.880663330233725
-6.748435544430539	6.805760627173759
-6.7384230287859825	6.727960415630387
-6.7284105131414265	6.636915447740143
-6.718397997496871	6.532765247352535
-6.708385481852315	6.420786743575123
-6.69837296620776	6.30386587596704
-6.688360450563204	6.1793842891088016
-6.678347934918648	6.0421024097175255
-6.668335419274093	5.889203827848411
-6.658322903629537	5.7229634350285234
-6.648310387984981	5.550415929223974
-6.638297872340425	5.382348010585851
-6.628285356695869	5.231721014885752
-6.618272841051314	5.108712822658715
-6.608260325406759	5.013192485526506
-6.598247809762203	4.932046978315341
-6.588235294117647	4.846691941581755
-6.578222778473092	4.744840325242408
-6.5682102628285355	4.625084069738131
-6.55819774718398	4.49147495544948
-6.548185231539424	4.346231890983023
-6.538172715894868	4.187940398580024
-6.528160200250313	4.014352314978803
-6.518147684605757	3.825690846426241
-6.508135168961202	3.627079690395514
-6.498122653316646	3.4297910948488903
-6.4881101376720896	3.2495521725517498
-6.478097622027534	3.100999155331379
-6.468085106382979	2.990816487509616
-6.458072590738423	2.9139957087287574
-6.448060075093867	2.85591689347419
-6.438047559449312	2.799036376768124
-6.428035043804756	2.7298907966493506
-6.418022528160201	2.642475658622164
-6.4080100125156445	2.537389877139269
-6.397997496871088	2.419040077900054
-6.387984981226533	2.2932725073802356
-6.377972465581977	2.1661176007077683
-6.367959949937422	2.04311619760339
-6.357947434292866	1.9285644343096018
-6.34793491864831	1.8245213595444247
-6.337922403003755	1.7302742287501445
-6.3279098873591995	1.6433145122215216
-6.317897371714643	1.5616451321867042
-6.307884856070087	1.4854199596025233
-6.297872340425532	1.4162183830442236
-6.287859824780976	1.3549674866665309
-6.277847309136421	1.3012531845570312
-6.267834793491865	1.2549535355850954
-6.257822277847309	1.2179882998999556
-6.2478097622027535	1.1936884065662192
-6.2377972465581975	1.1841167412730993
-6.227784730913642	1.187781768129719
-6.217772215269086	1.1994251953486006
-6.20775969962453	1.2119042813292304
-6.197747183979975	1.2194991880152488
-6.18773466833542	1.2213521518746953
-6.177722152690864	1.2227255870689822
-6.167709637046308	1.2323372727146955
-6.157697121401752	1.2570760955807259
-6.147684605757196	1.2980720122349705
-6.137672090112641	1.3511138385945398
-6.127659574468085	1.410483845978846
-6.117647058823529	1.4724426299023496
-6.107634543178974	1.5356068772376605
-6.097622027534418	1.598920304941853
-6.0876095118898625	1.6600928258530345
-6.0775969962453065	1.7162388728830507
-6.06758448060075	1.7656196348003905
-6.057571964956195	1.8082680331123138
-6.04755944931164	1.8449657415298946
-6.037546933667084	1.8760572617947093
-6.027534418022528	1.9014998491799195
-6.017521902377973	1.922218485640476
-6.007509386733417	1.9419363944395862
-5.997496871088861	1.9678904736643488
-5.987484355444305	2.008386982782861
-5.977471839799749	2.067024964466375
-5.967459324155194	2.1373204411748663
-5.957446808510639	2.2030505413139085
-5.947434292866083	2.2458782928896306
-5.937421777221527	2.2556371201143524
-5.927409261576971	2.2360529621402123
-5.9173967459324155	2.2021627580401257
-5.90738423028786	2.171682615954512
-5.897371714643304	2.155759476527785
-5.887359198998748	2.153613325744664
-5.877346683354192	2.1531138226792685
-5.867334167709637	2.137029876695187
-5.857321652065082	2.0921840148697965
-5.847309136420526	2.0167859215248556
-5.83729662077597	1.9218943580232841
-5.827284105131414	1.8262292580328663
-5.817271589486858	1.7470002633097894
-5.807259073842303	1.6914189295485305
-5.797246558197747	1.653787858137847
-5.787234042553191	1.620527302789022
-5.777221526908636	1.5800080234531448
-5.767209011264081	1.5295824772353575
-5.7571964956195245	1.4742754762811663
-5.747183979974968	1.4193871059775274
-5.737171464330412	1.3646063003419457
-5.727158948685857	1.3045525908913895
-5.717146433041302	1.2340010290719714
-5.707133917396746	1.1528204157551922
-5.69712140175219	1.0672480927672148
-5.687108886107635	0.9868917596916107
-5.677096370463079	0.919043029746873
-5.667083854818523	0.8639712035404742
-5.657071339173967	0.8151325950138968
-5.647058823529411	0.7645250439588861
-5.637046307884856	0.708567378853353
-5.627033792240301	0.6495342405468906
-5.617021276595745	0.5923184984296238
-5.607008760951189	0.540537833366056
-5.596996245306633	0.49532999161979835
-5.5869837296620775	0.45645349107833877
-5.576971214017522	0.42333489646939465
-5.566958698372966	0.39502606262998013
-5.55694618272841	0.36994656355366423
-5.546933667083855	0.3462495718052177
-5.536921151439299	0.3224522353693678
-5.526908635794744	0.2977302762877
-5.516896120150188	0.27206351789616134
-5.5068836045056315	0.246615049675401
-5.496871088861076	0.22392143067963857
-5.486858573216521	0.20707003899281567
-5.476846057571965	0.19793860461480697
-5.466833541927409	0.19578816737049382
-5.456821026282853	0.19754710252336335
-5.446808510638298	0.199798838965028
-5.4367959949937426	0.20098127742354177
-5.4267834793491865	0.20204916475718065
-5.41677096370463	0.2051982567625379
-5.406758448060075	0.21195699260200504
-5.396745932415519	0.22230700294322436
-5.386733416770964	0.23531198747928717
-5.376720901126408	0.25048298948178366
-5.366708385481852	0.2688012223915137
-5.356695869837297	0.2925865190245774
-5.346683354192741	0.323969609290825
-5.336670838548185	0.3628944204938058
-5.326658322903629	0.4065547703633341
-5.316645807259073	0.451281038031204
-5.306633291614518	0.49542873440118096
-5.296620775969963	0.5405258893434032
-5.286608260325407	0.5894856498594239
-5.276595744680851	0.6434717182103014
-5.2665832290362955	0.7002410301109399
-5.256570713391739	0.755447791170379
-5.246558197747184	0.8057123291685477
-5.236545682102628	0.8506535828336941
-5.226533166458072	0.8922614850501708
-5.216520650813517	0.9328819726381034
-5.206508135168962	0.9744039600989832
-5.196495619524406	1.0193384208045855
-5.18648310387985	1.0717308387460633
-5.1764705882352935	1.1356832166099027
-5.166458072590738	1.2119690527179812
-5.156445556946183	1.295763187480775
-5.146433041301627	1.3778714417525715
-5.136420525657071	1.4485102290494987
-5.126408010012516	1.5006070413378396
-5.11639549436796	1.5312083425766525
-5.1063829787234045	1.5419615304901721
-5.0963704630788484	1.5391030378618868
-5.086357947434292	1.5318124055934905
-5.076345431789737	1.5289356065624105
-5.066332916145182	1.536326513615437
-5.056320400500626	1.55633208335315
-5.04630788485607	1.5882567588800156
-5.036295369211514	1.6283093324483013
-5.026282853566959	1.6698784803209958
-5.016270337922403	1.706003619315457
-5.006257822277847	1.7334904404747735
-4.996245306633291	1.7550965660342732
-4.986232790988735	1.7768330429075756
-4.97622027534418	1.8019449565021683
-4.966207759699625	1.8268859600153828
-4.956195244055069	1.8432271621437832
-4.946182728410513	1.8441609714121492
-4.9361702127659575	1.8303443186563155
-4.926157697121402	1.8105426508761302
-4.916145181476846	1.7964982311317887
-4.90613266583229	1.7952967929940313
-4.896120150187734	1.8041372323796596
-4.886107634543179	1.811321627306805
-4.876095118898624	1.8036071309427675
-4.866082603254068	1.7751694070861004
-4.8560700876095115	1.7311620320216397
-4.8460575719649555	1.6827516766751351
-4.8360450563204	1.638121982822694
-4.826032540675845	1.5974742250362277
-4.816020025031289	1.5554799285592877
-4.806007509386733	1.5073212309589235
-4.795994993742178	1.4524851407040558
-4.785982478097623	1.3945370310973586
-4.7759699624530665	1.338846578412032
-4.76595744680851	1.2900021591361395
-4.755944931163954	1.2494431766492604
-4.745932415519399	1.2143918746685352
-4.735919899874844	1.1791775984065223
-4.725907384230288	1.1378997795195238
-4.715894868585732	1.086278225536054
-4.705882352941176	1.0224813846076817
-4.6958698372966206	0.948185006414676
-4.685857321652065	0.8693507772011873
-4.675844806007509	0.7945247936344718
-4.665832290362953	0.7305709238283207
-4.655819774718398	0.6791863256167545
-4.645807259073843	0.6372601042000684
-4.635794743429287	0.6002534423124107
-4.625782227784731	0.5651626820174016
-4.615769712140175	0.5309465987348947
-4.605757196495619	0.4972581976158509
-4.595744680851064	0.4635248352100045
-4.585732165206508	0.42923700373004087
-4.575719649561952	0.39460667343804934
-4.565707133917396	0.36044883036226966
-4.555694618272841	0.32735503275571226
-4.545682102628286	0.29534632469600625
-4.53566958698373	0.2646773783187867
-4.5256570713391735	0.23683917869425317
-4.515644555694618	0.21422704658298705
-4.505632040050063	0.19836380855605884
-4.495619524405507	0.18831388092589774
-4.485607008760951	0.18087413396188176
-4.475594493116395	0.17241702700356498
-4.46558197747184	0.16080360992949677
-4.4555694618272845	0.1459150782235882
-4.4455569461827285	0.12873094135534013
-4.435544430538172	0.11012086468136743
-4.425531914893616	0.09049125364907479
-4.415519399249061	0.07032910308117714
-4.405506883604506	0.050771483859502434
-4.39549436795995	0.03347236390870507
-4.385481852315394	0.019866976010838644
-4.375469336670839	0.010495138352176352
-4.365456821026283	0.004890243113670167
-4.355444305381727	0.0019955290896248334
-4.345431789737171	0.0007091207810131092
-4.335419274092615	0.00021846603894206502
-4.32540675844806	5.8147516259064575e-05
-4.315394242803505	1.3334447361476481e-05
-4.305381727158949	2.6289992896658166e-06
-4.295369211514393	4.448948101969075e-07
-4.285356695869837	6.453779868863784e-08
-4.275344180225281	8.017175535432008e-09
-4.265331664580726	8.521829789968638e-10
-4.25531914893617	7.745928018945364e-11
-4.245306633291614	6.017586439611484e-12
-4.235294117647059	3.9939261937449034e-13
-4.225281602002504	2.26390819329566e-14
-4.215269086357948	1.0956589224340691e-15
-4.2052565707133915	4.526322031333943e-17
-4.1952440550688355	1.5958042939786722e-18
-4.18523153942428	4.800653454311943e-20
-4.175219023779725	1.2320819063088465e-21
-4.165206508135169	2.697348187997746e-23
-4.155193992490613	5.036615487578114e-25
-4.145181476846057	8.020408675542864e-27
-4.135168961201502	1.089096357150337e-28
-4.1251564455569465	1.2609806424412058e-30
-4.11514392991239	1.2447626928767183e-32
-4.105131414267834	1.047532691097412e-34
-4.095118898623279	7.514864149281644e-37
-4.085106382978723	4.5953583937090664e-39
-4.075093867334168	2.3951726370054256e-41
-4.065081351689612	1.0640205258786472e-43
-4.055068836045056	4.028444929231701e-46
-4.045056320400501	1.2998084265224303e-48
-4.035043804755945	3.5740253463015886e-51
-4.025031289111389	8.374437235524527e-54
-4.015018773466833	1.6720840061695674e-56
-4.005006257822277	2.844795203064629e-59
-3.994993742177722	4.124027326169122e-62
-3.9849812265331668	5.093987854493968e-65
-3.9749687108886107	5.3610435478695176e-68
-3.9649561952440546	4.807130866048878e-71
-3.9549436795994994	3.672473659587487e-74
-3.9449311639549434	2.3903378389277557e-77
-3.934918648310388	1.3255012941563034e-80
-3.924906132665832	6.262018739366406e-84
-3.914893617021277	2.520319279690491e-87
-3.904881101376721	8.641675380186715e-91
-3.8948685857321648	2.524272374242541e-94
-3.8848560700876096	6.281530975688076e-98
-3.8748435544430535	1.3316232934472248e-101
-3.8648310387984983	2.4048045723163465e-105
-3.8548185231539422	3.699619087851485e-109
-3.844806007509387	4.8485252123150933e-113
-3.834793491864831	5.4785728268309184e-117
-3.824780976220275	6.34000786694105e-115
-3.8147684605757197	5.218110375490122e-111
-3.8047559449311636	3.658271366351406e-107
-3.7947434292866085	2.184627589871783e-103
-3.7847309136420524	1.1112652924129483e-99
-3.774718397997497	4.815007049948402e-96
-3.764705882352941	1.7771125969948125e-92
-3.754693366708385	5.586911673337798e-89
-3.74468085106383	1.4961237207601776e-85
-3.734668335419274	3.4127309943703587e-82
-3.7246558197747186	6.630945400149404e-79
-3.7146433041301625	1.0974574657501434e-75
-3.7046307884856065	1.5471727120727548e-72
-3.6946182728410513	1.8579274748332802e-69
-3.684605757196495	1.9004549773420288e-66
-3.67459324155194	1.655866397550883e-63
-3.664580725907384	1.2289434389127391e-60
-3.6545682102628287	7.769219881944814e-58
-3.6445556946182727	4.1837129032110735e-55
-3.6345431789737166	1.9190457110898277e-52
-3.6245306633291614	7.498040854097794e-50
-3.6145181476846053	2.4954530155048844e-47
-3.60450563204005	7.07440969075389e-45
-3.594493116395494	1.7083245097403787e-42
-3.584480600750939	3.5139055644011443e-40
-3.574468085106383	6.156723001405284e-38
-3.5644555694618267	9.188599535038683e-36
-3.5544430538172715	1.1681260718738012e-33
-3.5444305381727155	1.2649445402532532e-31
-3.5344180225281603	1.1667977342620552e-29
-3.524405506883604	9.167761355836555e-28
-3.514392991239049	6.135874208748334e-26
-3.504380475594493	3.498142424705911e-24
-3.494367959949937	1.6988295627174478e-22
-3.4843554443053817	7.027778638580126e-21
-3.4743429286608256	2.476559007149561e-19
-3.4643304130162704	7.434477016625296e-18
-3.4543178973717144	1.9012331611762196e-16
-3.444305381727159	4.1420957513103784e-15
-3.434292866082603	7.688248967855374e-14
-3.424280350438047	1.2158738019340918e-12
-3.414267834793492	1.6384986307449675e-11
-3.4042553191489358	1.881736083311496e-10
-3.3942428035043806	1.8420710645928906e-09
-3.3842302878598245	1.5374400582927867e-08
-3.3742177722152693	1.0944164093776616e-07
-3.3642052565707132	6.647539582448191e-07
-3.354192740926157	3.4475077032842174e-06
-3.344180225281602	1.5278529004854504e-05
-3.334167709637046	5.7926880659546055e-05
-3.3241551939924907	0.00018817235412377036
-3.3141426783479346	0.0005247869830229201
-3.3041301627033794	0.0012599049719583507
-3.2941176470588234	0.0026135441942685502
-3.2841051314142673	0.004709047106100373
-3.274092615769712	0.007426573635872964
-3.264080100125156	0.010371847194486706
-3.254067584480601	0.013054143197939677
-3.2440550688360448	0.015175232563589573
-3.2340425531914896	0.016783051674243626
-3.2240300375469335	0.01817645069346077
-3.2140175219023774	0.01977558454158717
-3.2040050062578223	0.022253659012218055
-3.193992490613266	0.026816321379004294
-3.183979974968711	0.03508446106134528
-3.173967459324155	0.04829493870953845
-3.1639549436795997	0.0663526509548732
-3.1539424280350437	0.08763271790571865
-3.1439299123904876	0.10979666225205667
-3.1339173967459324	0.13100065764226995
-3.1239048811013763	0.15074139974363826
-3.113892365456821	0.17007154349437992
-3.103879849812265	0.19116559098904373
-3.09386733416771	0.2161798261010311
-3.083854818523154	0.24576988184787257
-3.0738423028785977	0.27835385309496063
-3.0638297872340425	0.31096892392796854
-3.0538172715894865	0.3411653455225234
-3.0438047559449313	0.36848121695935127
-3.033792240300375	0.39469085008756755
-3.02377972465582	0.42307254546823353
-3.013767209011264	0.4571547627077732
-3.003754693366708	0.49922141763979827
-2.9937421777221527	0.549063432074953
-2.9837296620775966	0.6037574183551314
-2.9737171464330414	0.6589405625648802
-2.9637046307884853	0.710996022828126
-2.95369211514393	0.7585414795793902
-2.943679599499374	0.8020046976865827
-2.933667083854818	0.8419947148704834
-2.923654568210263	0.8784033821297825
-2.9136420525657067	0.9110284120505228
-2.9036295369211516	0.9407135712374074
-2.8936170212765955	0.9699187783436569
-2.8836045056320403	1.0026144759967088
-2.873591989987484	1.0435885522371195
-2.863579474342928	1.0968318408131394
-2.853566958698373	1.1629829400469567
-2.843554443053817	1.237079770898709
-2.8335419274092617	1.3087414523611651
-2.8235294117647056	1.3657238896679504
-2.8135168961201504	1.3989084944304695
-2.8035043804755944	1.405350606718004
-2.7934918648310383	1.3881741413637143
-2.783479349186483	1.3552082734729005
-2.773466833541927	1.3181064269238858
-2.763454317897372	1.2907526669108311
-2.7534418022528158	1.2848087151751642
-2.7434292866082606	1.3034666699215658
-2.7334167709637045	1.3381144694057514
-2.7234042553191484	1.3718936935533939
-2.7133917396745932	1.3891665423041617
-2.703379224030037	1.3851691776882025
-2.693366708385482	1.3694176004063867
-2.683354192740926	1.3602069611828258
-2.6733416770963707	1.3734007673365336
-2.6633291614518146	1.412652093823863
-2.6533166458072586	1.467125847400835
-2.6433041301627034	1.51757419236254
-2.6332916145181473	1.5465606845859894
-2.623279098873592	1.54696357667724
-2.613266583229036	1.5244787182122412
-2.603254067584481	1.4932393646923476
-2.593241551939925	1.4675318107248627
-2.5832290362953687	1.4547978379300566
-2.5732165206508135	1.453684441831712
-2.5632040050062574	1.4568538678211944
-2.5531914893617023	1.455456370735428
-2.543178973717146	1.4428445909747578
-2.533166458072591	1.417172696913431
-2.523153942428035	1.3827942187683309
-2.513141426783479	1.349248374194038
-2.5031289111389237	1.3270260071114883
-2.4931163954943676	1.321788019610764
-2.4831038798498124	1.3306082304936167
-2.4730913642052563	1.3430291403002204
-2.463078848560701	1.3467657380383484
-2.453066332916145	1.3347065266377913
-2.443053817271589	1.3086320633622728
-2.433041301627034	1.277117407506308
-2.4230287859824777	1.249251779337146
-2.4130162703379225	1.228907361753862
-2.4030037546933665	1.2137375240258272
-2.3929912390488113	1.1990401777139275
-2.382978723404255	1.1824148139825286
-2.372966207759699	1.1649450401560029
-2.362953692115144	1.1487455839397631
-2.352941176470588	1.1343574370675884
-2.3429286608260327	1.1205980704000091
-2.3329161451814766	1.1059606253925625
-2.3229036295369214	1.0893622909798464
-2.3128911138923653	1.0700428873571146
-2.3028785982478093	1.0480532842156838
-2.292866082603254	1.0254242196962626
-2.282853566958698	1.0060526607860354
-2.272841051314143	0.9930943660525122
-2.2628285356695867	0.9856021269132039
-2.2528160200250316	0.9776685796379614
-2.2428035043804755	0.9616683117470616
-2.2327909887359194	0.9338757437055848
-2.2227784730913642	0.8984580053249264
-2.212765957446808	0.8665386476396089
-2.202753441802253	0.8505400962700694
-2.192740926157697	0.8576165537287376
-2.1827284105131417	0.8864932712066116
-2.1727158948685856	0.9290968878677638
-2.1627033792240296	0.9749684169935576
-2.1526908635794744	1.0154758192088702
-2.1426783479349183	1.0460906801542682
-2.132665832290363	1.066510107624307
-2.122653316645807	1.0793583962337108
-2.112640801001252	1.0886299714099397
-2.1026282853566958	1.0984854021497596
-2.0926157697121397	1.1118591137897857
-2.0826032540675845	1.128474169026013
-2.0725907384230284	1.143666854262893
-2.0625782227784732	1.1502493252558195
-2.052565707133917	1.143503647172147
-2.042553191489362	1.1261145698226482
-2.032540675844806	1.1087884154189647
-2.02252816020025	1.104819468771114
-2.0125156445556946	1.121469667829521
-2.0025031289111386	1.1543704586697914
-1.9924906132665834	1.1899079143076525
-1.9824780976220273	1.2146370772644164
-1.9724655819774712	1.2248402082328709
-1.962453066332916	1.2288871353860957
-1.95244055068836	1.2406419967336142
-1.9424280350438048	1.268901904066976
-1.9324155193992487	1.3104361346698243
-1.9224030037546935	1.3513052501563776
-1.9123904881101375	1.3754496475386702
-1.9023779724655814	1.3748364532072623
-1.8923654568210262	1.3543988520935915
-1.8823529411764701	1.3284941915615538
-1.872340425531915	1.3118421542361398
-1.8623279098873589	1.311902746917781
-1.8523153942428037	1.3273832204765403
-1.8423028785982476	1.3515820970120198
-1.8322903629536915	1.3763766877671626
-1.8222778473091363	1.394914473246839
-1.8122653316645803	1.40371499083578
-1.802252816020025	1.4042239419952196
-1.792240300375469	1.4022056671323984
-1.7822277847309138	1.4041819190856477
-1.7722152690863577	1.4128344627398128
-1.7622027534418017	1.4249326080888287
-1.7521902377972465	1.4339969845929597
-1.7421777221526904	1.4359199591407612
-1.7321652065081352	1.4324499479051855
-1.7221526908635791	1.4289409080512012
-1.712140175219024	1.428511214204836
-1.7021276595744679	1.428677520973382
-1.6921151439299118	1.4240054975072731
-1.6821026282853566	1.4119284615756313
-1.6720901126408005	1.3956180946370906
-1.6620775969962454	1.381199123506205
-1.6520650813516893	1.3726735201522233
-1.642052565707134	1.3697011876683984
-1.632040050062578	1.369346282670005
-1.622027534418022	1.3685693526463907
-1.6120150187734668	1.364708674454274
-1.6020025031289107	1.3546617289543084
-1.5919899874843555	1.3348419129676121
-1.5819774718397994	1.3023889214148245
-1.5719649561952442	1.2567680550339249
-1.5619524405506882	1.2009857207510415
-1.551939924906132	1.141555491308998
-1.541927409261577	1.0861687057917513
-1.5319148936170208	1.0396287926506846
-1.5219023779724656	1.0011204814018737
-1.5118898623279096	0.9656789899566561
-1.5018773466833544	0.9289326484250626
-1.4918648310387983	0.8908013576107308
-1.4818523153942422	0.8548114445136246
-1.471839799749687	0.8240711134297449
-1.461827284105131	0.7980935417209108
-1.4518147684605758	0.7734196422325488
-1.4418022528160197	0.7469173668939825
-1.4317897371714645	0.7180829682492343
-1.4217772215269084	0.6881062455459199
-1.4117647058823524	0.6570508924511625
-1.4017521902377972	0.6224734073071997
-1.391739674593241	0.5813182385073103
-1.381727158948686	0.5334656399053332
-1.3717146433041298	0.4832896354308017
-1.3617021276595747	0.4373399543868679
-1.3516896120150186	0.40020395971700645
-1.3416770963704625	0.3722835368561374
-1.3316645807259073	0.3507605933668785
-1.3216520650813512	0.3318288314703473
-1.311639549436796	0.31218667715690035
-1.30162703379224	0.28980303765544707
-1.2916145181476848	0.2646591573388917
-1.2816020025031287	0.2391770872614104
-1.2715894868585726	0.2176194800061464
-1.2615769712140175	0.2045384226027922
-1.2515644555694614	0.20300921893354376
-1.2415519399249062	0.21331472389206374
-1.2315394242803501	0.23262567413931076
-1.221526908635795	0.2562039071742657
-1.2115143929912389	0.27996673232278196
-1.2015018773466828	0.3028694018539397
-1.1914893617021276	0.32705652757176457
-1.1814768460575715	0.3553776199884387
-1.1714643304130163	0.3884045078075946
-1.1614518147684603	0.4237749634869034
-1.151439299123905	0.4585879108088934
-1.141426783479349	0.49274976652520613
-1.131414267834793	0.5302775268426497
-1.1214017521902377	0.5771880228883751
-1.1113892365456817	0.6372360574863506
-1.1013767209011265	0.7084892445276373
-1.0913642052565704	0.7833528235856891
-1.0813516896120152	0.8522790485238528
-1.0713391739674591	0.9087516268124132
-1.061326658322903	0.9524310068994672
-1.0513141426783479	0.9889531340562581
-1.0413016270337918	1.0270498542684932
-1.0312891113892366	1.0747433875506274
-1.0212765957446805	1.1362477749333404
-1.0112640801001254	1.2106203653043492
-1.0012515644555693	1.2925708129855185
-0.9912390488110132	1.375061452086108
-0.981226533166458	1.452381173272918
-0.971214017521902	1.5218696290916653
-0.9612015018773468	1.5834064711684148
-0.9511889862327907	1.6379076942787498
-0.9411764705882355	1.6869849177705332
-0.9311639549436794	1.7338230138764246
-0.9211514392991234	1.7826909829087325
-0.9111389236545682	1.8356521568807906
-0.9011264080100121	1.8893350350025293
-0.8911138923654569	1.9361769773498636
-0.8811013767209008	1.9703904039427036
-0.8710888610763456	1.9935203698159873
-0.8610763454317896	2.0141703304062495
-0.8510638297872335	2.04178086651663
-0.8410513141426783	2.0797685919736586
-0.8310387984981222	2.123585709936742
-0.821026282853567	2.1645067392123
-0.811013767209011	2.1950867191871364
-0.8010012515644558	2.2117062967899326
-0.7909887359198997	2.2132999706728267
-0.7809762202753436	2.1991594651513395
-0.7709637046307884	2.168758532668526
-0.7609511889862324	2.1232902134158826
-0.7509386733416772	2.0664271578878677
-0.7409261576971211	2.003454134675087
-0.7309136420525659	1.9403659795567767
-0.7209011264080099	1.8835583252350132
-0.7108886107634538	1.8381752310976622
-0.7008760951188986	1.8042831242392097
-0.6908635794743425	1.7743037007742726
-0.6808510638297873	1.7360083449487402
-0.6708385481852313	1.6802817599912983
-0.6608260325406761	1.6076969478966712
-0.65081351689612	1.5289598546570742
-0.6408010012515639	1.4596705915427743
-0.6307884856070087	1.4131098549377732
-0.6207759699624527	1.393991691264093
-0.6107634543178975	1.3950909533894527
-0.6007509386733414	1.3990904495720888
-0.5907384230287862	1.3865916037610637
-0.5807259073842301	1.3464750943295005
-0.5707133917396741	1.281556619995669
-0.5607008760951189	1.2056458185694021
-0.5506883604505628	1.1350781130890397
-0.5406758448060076	1.08142504960152
-0.5306633291614515	1.0493673337036666
-0.5206508135168963	1.0384535993263804
-0.5106382978723403	1.0452200018201672
-0.5006257822277842	1.0640972437299268
-0.490613266583229	1.0881481957817767
-0.48060075093867294	1.1108436922613898
-0.47058823529411775	1.1285907397907027
-0.4605757196495617	1.1428316359990611
-0.4505632040050065	1.1605256577955898
-0.4405506883604504	1.1919843916666135
-0.43053817271589434	1.2458508404580952
-0.42052565707133915	1.3231323143742786
-0.4105131414267831	1.4142238470391424
-0.4005006257822279	1.502159286999839
-0.3904881101376718	1.571193683307975
-0.38047559449311663	1.6153088720889648
-0.37046307884856056	1.640892638277767
-0.3604505632040045	1.6625442356444324
-0.3504380475594493	1.6959797487338344
-0.3404255319148932	1.752324237585943
-0.33041301627033803	1.8347215062519413
-0.32040050062578196	1.9364934030136238
-0.3103879849812259	2.041827055268798
-0.3003754693366707	2.1309865466885816
-0.2903629536921146	2.1889718849862527
-0.28035043804755944	2.212516485258995
-0.27033792240300336	2.21067293740111
-0.2603254067584482	2.198955330696167
-0.2503128911138921	2.1911978808683985
-0.24030037546933602	2.1938345663027494
-0.23028785982478084	2.2051562221091023
-0.22027534418022476	2.219113515087149
-0.21026282853566958	2.230652457206141
-0.2002503128911135	2.2390551528691685
-0.19023779724655832	2.247981499070696
-0.18022528160200224	2.263394491984069
-0.17021276595744617	2.290595518779932
-0.16020025031289098	2.330659086913925
-0.1501877346683349	2.3776892233682254
-0.14017521902377972	2.4200326304158626
-0.13016270337922364	2.446450326891379
-0.12015018773466846	2.4529334849555164
-0.11013767209011238	2.444100604368707
-0.10012515644555631	2.4283644896883962
-0.09011264080100112	2.4123637376922407
-0.08010012515644505	2.399749529328328
-0.07008760951188986	2.3935232399862887
-0.060075093867333784	2.397681789868319
-0.0500625782227786	2.4161172137759404
-0.04005006257822252	2.4500410323407507
-0.030037546933666448	2.4957790341035704
-0.02002503128911126	2.5440490841572236
-0.010012515644555187	2.5819173288971844
0.0	2.5982379571330263
