-8.0	6.430948730574876
-7.989987484355444	6.446988618307411
-7.979974968710889	6.445184858114776
-7.969962453066333	6.442904054382876
-7.9599499374217775	6.441550950861143
-7.949937421777221	6.464766066325885
-7.939924906132666	6.525675015255537
-7.92991239048811	6.681095405329073
-7.919899874843554	6.921509890361854
-7.909887359198999	7.101984409840392
-7.899874843554443	7.228736921285147
-7.889862327909888	7.3154099019989545
-7.8798498122653315	7.408524739798706
-7.869837296620776	7.529123425113088
-7.85982478097622	7.726946212434677
-7.849812265331664	7.990254420983183
-7.839799749687109	8.177774567193415
-7.829787234042553	8.353098677728093
-7.819774718397998	8.5359708121319
-7.809762202753442	8.71496509685235
-7.7997496871088865	8.920688689072065
-7.78973717146433	9.180030718637228
-7.779724655819774	9.491383146655098
-7.769712140175219	9.775370869071875
-7.759699624530663	10.067695282189904
-7.749687108886108	10.340106998186034
-7.739674593241552	10.533677140312351
-7.729662077596997	10.68715382066592
-7.719649561952441	10.83095607509197
-7.7096370463078845	10.97838928761621
-7.699624530663329	11.145777524802794
-7.689612015018773	11.341335182396515
-7.679599499374218	11.554251089594956
-7.669586983729662	11.764496020476418
-7.659574468085107	11.979914108380706
-7.649561952440551	12.237569353554647
-7.639549436795995	12.513097987297112
-7.629536921151439	12.771404377062067
-7.619524405506883	12.96794163465611
-7.609511889862328	13.076134779653861
-7.599499374217772	13.13986078188775
-7.589486858573217	13.194320971178799
-7.579474342928661	13.264252445201324
-7.569461827284105	13.364855571513544
-7.55944931163955	13.460203010225765
-7.5494367959949935	13.502960088257867
-7.539424280350438	13.449065323701177
-7.529411764705882	13.329296364986165
-7.519399249061326	13.207109470254112
-7.509386733416771	13.130007832818027
-7.499374217772215	13.121414367661819
-7.48936170212766	13.15859483240666
-7.479349186483104	13.210055952926808
-7.4693366708385485	13.28130064840169
-7.459324155193992	13.363932256292976
-7.449311639549437	13.429074713844063
-7.439299123904881	13.483249103995979
-7.429286608260325	13.538738335357193
-7.41927409261577	13.581661926783188
-7.409261576971214	13.596685118344933
-7.399249061326659	13.565570015096517
-7.3892365456821025	13.490807691166822
-7.3792240300375465	13.425062831827407
-7.369211514392991	13.419131989346129
-7.359198998748435	13.47465602137827
-7.34918648310388	13.543646909893024
-7.339173967459324	13.570547662794084
-7.329161451814769	13.543587264925687
-7.319148936170213	13.490194034492653
-7.3091364205256575	13.425697619651181
-7.299123904881101	13.36922965673579
-7.289111389236545	13.369871197951245
-7.27909887359199	13.449095784652481
-7.269086357947434	13.589046260076795
-7.259073842302879	13.752954343418256
-7.249061326658323	13.906750826248548
-7.239048811013767	14.033718436993327
-7.2290362953692116	14.120911830641203
-7.2190237797246555	14.161530852854927
-7.2090112640801	14.177461462480712
-7.198998748435544	14.214498877389756
-7.188986232790989	14.298340130545363
-7.178973717146433	14.419503850232102
-7.168961201501878	14.548158799612693
-7.158948685857322	14.657584803225086
-7.148936170212766	14.734665474758728
-7.13892365456821	14.773814335901248
-7.128911138923654	14.793999118722285
-7.118898623279099	14.831050183096172
-7.108886107634543	14.90409750915847
-7.098873591989987	15.023959915761539
-7.088861076345432	15.182215913374138
-7.078848560700876	15.363230331814611
-7.068836045056321	15.555667052999423
-7.0588235294117645	15.736347593163904
-7.048811013767209	15.893627929587009
-7.038798498122653	16.04198835686346
-7.028785982478098	16.192319865299133
-7.018773466833542	16.343086882631003
-7.008760951188986	16.487566632946663
-6.998748435544431	16.61348185085036
-6.988735919899875	16.714027688178472
-6.9787234042553195	16.78394816140848
-6.968710888610763	16.795118018812335
-6.958698372966207	16.72366272941716
-6.948685857321652	16.58860848979589
-6.938673341677096	16.42553848066066
-6.928660826032541	16.26800020768105
-6.918648310387985	16.15188716048434
-6.908635794743429	16.094988361193085
-6.8986232790988735	16.07789923977537
-6.888610763454318	16.06135230980537
-6.878598247809762	16.008231531545025
-6.868585732165206	15.880902392772745
-6.858573216520651	15.657710603552113
-6.848560700876095	15.354189543410518
-6.83854818523154	15.005293659160364
-6.828535669586984	14.649865631956331
-6.818523153942428	14.321663103885626
-6.808510638297872	14.041848762024985
-6.798498122653316	13.80023852257911
-6.788485607008761	13.567817342492333
-6.778473091364205	13.32803720255644
-6.768460575719649	13.072498319435217
-6.758448060075094	12.801867971724748
-6.748435544430539	12.534608263820072
-6.7384230287859825	12.289729710535346
-6.7284105131414265	12.06958316616208
-6.718397997496871	11.868459652234908
-6.708385481852315	11.669242618525892
-6.69837296620776	11.46726860586373
-6.688360450563204	11.248169859454018
-6.678347934918648	11.014548301207856
-6.668335419274093	10.781769826969635
-6.658322903629537	10.561909804516333
-6.648310387984981	10.345898902168143
-6.638297872340425	10.113204699917006
-6.628285356695869	9.849899082460484
-6.618272841051314	9.562076940669725
-6.608260325406759	9.260194017407358
-6.598247809762203	8.95885591236417
-6.588235294117647	8.685607720279641
-6.578222778473092	8.441033235265868
-6.5682102628285355	8.211923766123425
-6.55819774718398	7.9941623285080325
-6.548185231539424	7.77200541378393
-6.538172715894868	7.566168566709885
-6.528160200250313	7.306717713902655
-6.518147684605757	7.033820486678599
-6.508135168961202	6.7891589567857
-6.498122653316646	6.586551973408902
-6.4881101376720896	6.47376736693601
-6.478097622027534	6.371167359861816
-6.468085106382979	6.272299819784435
-6.458072590738423	6.19188830606894
-6.448060075093867	6.107750722034796
-6.438047559449312	6.003711441862572
-6.428035043804756	5.907082271398918
-6.418022528160201	5.894241946685999
-6.4080100125156445	5.858432594981355
-6.397997496871088	5.847604645544291
-6.387984981226533	5.854701429762331
-6.377972465581977	5.918268468310055
-6.367959949937422	5.919897695031316
-6.357947434292866	5.902495609218125
-6.34793491864831	5.8999631234364465
-6.337922403003755	6.047421482991971
-6.3279098873591995	6.295523396333528
-6.317897371714643	6.47522842813939
-6.307884856070087	6.771790204447683
-6.297872340425532	7.111162259103425
-6.287859824780976	7.500658314825532
-6.277847309136421	7.914752617070597
-6.267834793491865	8.347801301835487
-6.257822277847309	8.78458897356394
-6.2478097622027535	9.345769662838912
-6.2377972465581975	9.898022442055419
-6.227784730913642	10.476382310846391
-6.217772215269086	10.952046032147248
-6.20775969962453	11.313451882018974
-6.197747183979975	11.80082610934786
-6.18773466833542	12.380618403521222
-6.177722152690864	13.039313340780458
-6.167709637046308	13.759028990950975
-6.157697121401752	14.456599177776855
-6.147684605757196	15.052738666768668
-6.137672090112641	15.586754401799773
-6.127659574468085	16.413826760784563
-6.117647058823529	17.07117345735934
-6.107634543178974	17.73011219638578
-6.097622027534418	18.382728305750682
-6.0876095118898625	18.901353397186718
-6.0775969962453065	19.305275963355836
-6.06758448060075	19.736229540920128
-6.057571964956195	20.194060350508447
-6.04755944931164	20.536283865512573
-6.037546933667084	20.94688241227373
-6.027534418022528	21.28870768815026
-6.017521902377973	21.62029849418363
-6.007509386733417	21.979279350727253
-5.997496871088861	22.3818603803022
-5.987484355444305	22.735655414391815
-5.977471839799749	23.02207946387237
-5.967459324155194	23.284061590642576
-5.957446808510639	23.518883991995505
-5.947434292866083	23.803953714685477
-5.937421777221527	23.962312461448917
-5.927409261576971	24.003312308819336
-5.9173967459324155	24.032384799800717
-5.90738423028786	24.06330025144106
-5.897371714643304	24.08369516292455
-5.887359198998748	24.066998515147002
-5.877346683354192	24.04811978069193
-5.867334167709637	23.988121754600133
-5.857321652065082	23.916265412551954
-5.847309136420526	23.802195565335207
-5.83729662077597	23.62760965281822
-5.827284105131414	23.49479408034525
-5.817271589486858	23.43059964622037
-5.807259073842303	23.390930460719296
-5.797246558197747	23.258575315489985
-5.787234042553191	23.101612195613722
-5.777221526908636	22.942671783298888
-5.767209011264081	22.788406844497356
-5.7571964956195245	22.686153344498194
-5.747183979974968	22.54116914816948
-5.737171464330412	22.250324564605574
-5.727158948685857	21.923040893907313
-5.717146433041302	21.68540111568471
-5.707133917396746	21.461293506135267
-5.69712140175219	21.24705497691341
-5.687108886107635	21.00114400719903
-5.677096370463079	20.80166484563098
-5.667083854818523	20.710861352135357
-5.657071339173967	20.653393762559222
-5.647058823529411	20.586368340367187
-5.637046307884856	20.482045241052575
-5.627033792240301	20.40224151840847
-5.617021276595745	20.294687788024643
-5.607008760951189	20.15179449573478
-5.596996245306633	20.089612900763232
-5.5869837296620775	19.94455785268499
-5.576971214017522	19.737868325904795
-5.566958698372966	19.52558833338686
-5.55694618272841	19.512730382021264
-5.546933667083855	19.397844147491657
-5.536921151439299	19.307173553908374
-5.526908635794744	19.205479293793335
-5.516896120150188	19.24349438598648
-5.5068836045056315	19.240160763869742
-5.496871088861076	19.182921068025248
-5.486858573216521	19.070497086665178
-5.476846057571965	18.877954267294886
-5.466833541927409	18.752023607707983
-5.456821026282853	18.79523292987167
-5.446808510638298	18.675680972040993
-5.4367959949937426	18.683225283636357
-5.4267834793491865	18.87348882031672
-5.41677096370463	18.85913074699907
-5.406758448060075	18.984522267407613
-5.396745932415519	19.021507454882556
-5.386733416770964	19.09876307263553
-5.376720901126408	19.21689449194966
-5.366708385481852	19.374063322671375
-5.356695869837297	19.358320874456417
-5.346683354192741	19.456080364109035
-5.336670838548185	19.4740324865287
-5.326658322903629	19.529212110826027
-5.316645807259073	19.697891258327296
-5.306633291614518	19.944275717479627
-5.296620775969963	20.116872476169867
-5.286608260325407	20.415591774859188
-5.276595744680851	20.622214562704254
-5.2665832290362955	20.811007891234183
-5.256570713391739	21.04697616362704
-5.246558197747184	21.32008123819864
-5.236545682102628	21.818322357651677
-5.226533166458072	22.154965310695108
-5.216520650813517	22.428558695548453
-5.206508135168962	22.755988569640614
-5.196495619524406	23.224274275357633
-5.18648310387985	23.677610843168537
-5.1764705882352935	24.288404088846878
-5.166458072590738	24.90447180822928
-5.156445556946183	25.44163635427636
-5.146433041301627	25.919463629021433
-5.136420525657071	26.385315610407215
-5.126408010012516	26.894890574176394
-5.11639549436796	27.471596248358793
-5.1063829787234045	28.049050098064132
-5.0963704630788484	28.60792921269915
-5.086357947434292	29.033267924110255
-5.076345431789737	29.407232294830575
-5.066332916145182	29.795996757287533
-5.056320400500626	30.0981093042829
-5.04630788485607	30.405736849810754
-5.036295369211514	30.68484296346847
-5.026282853566959	30.83339295936558
-5.016270337922403	30.92015395915096
-5.006257822277847	31.129359708453862
-4.996245306633291	31.488001078818222
-4.986232790988735	31.739103799720308
-4.97622027534418	31.824936608444723
-4.966207759699625	31.789330976454185
-4.956195244055069	31.718518909497323
-4.946182728410513	31.761065356920092
-4.9361702127659575	31.819123653738824
-4.926157697121402	31.769101991037694
-4.916145181476846	31.61737140702324
-4.90613266583229	31.40612957291753
-4.896120150187734	31.146896690227578
-4.886107634543179	30.824311616659294
-4.876095118898624	30.399814808488863
-4.866082603254068	29.960374938969977
-4.8560700876095115	29.63429496306938
-4.8460575719649555	29.34793762776081
-4.8360450563204	29.061406816628185
-4.826032540675845	28.714635365968768
-4.816020025031289	28.25097409986303
-4.806007509386733	27.605948058313302
-4.795994993742178	26.82674443635676
-4.785982478097623	26.083977810309143
-4.7759699624530665	25.517609634227938
-4.76595744680851	25.080807965304338
-4.755944931163954	24.65558216026378
-4.745932415519399	24.170314783761135
-4.735919899874844	23.683918110522715
-4.725907384230288	23.097394269084244
-4.715894868585732	22.49157724425766
-4.705882352941176	22.010390706138292
-4.6958698372966206	21.59968173989274
-4.685857321652065	21.196898422451778
-4.675844806007509	20.821766173784038
-4.665832290362953	20.459439948428265
-4.655819774718398	20.100698133180572
-4.645807259073843	19.900463472012202
-4.635794743429287	19.786235622358404
-4.625782227784731	19.653245059929166
-4.615769712140175	19.4598983354474
-4.605757196495619	19.200703043727028
-4.595744680851064	19.009365173790943
-4.585732165206508	18.81705597086577
-4.575719649561952	18.68314856961918
-4.565707133917396	18.57998056762467
-4.555694618272841	18.481226050513495
-4.545682102628286	18.4209040895109
-4.53566958698373	18.371681925046442
-4.5256570713391735	18.35958371870252
-4.515644555694618	18.377997931881527
-4.505632040050063	18.38280723843644
-4.495619524405507	18.377740936906104
-4.485607008760951	18.362142749078238
-4.475594493116395	18.3421206045145
-4.46558197747184	18.326978283541145
-4.4555694618272845	18.31481569134484
-4.4455569461827285	18.308730223899783
-4.435544430538172	18.30722238302195
-4.425531914893616	18.30773104714243
-4.415519399249061	18.308904945406304
-4.405506883604506	18.31017886764981
-4.39549436795995	18.311343793770785
-4.385481852315394	18.31233864593154
-4.375469336670839	18.313160150876275
-4.365456821026283	18.313825508097214
-4.355444305381727	18.314357341815203
-4.345431789737171	18.314777869237396
-4.335419274092615	18.31510686515107
-4.32540675844806	18.31536117638847
-4.315394242803505	18.31555484461141
-4.305381727158949	18.315699439735805
-4.295369211514393	18.315804437654297
-4.285356695869837	18.315877575981922
-4.275344180225281	18.31592516506542
-4.265331664580726	18.31595235012014
-4.25531914893617	18.315963327877814
-4.245306633291614	18.31596152369266
-4.235294117647059	18.31594973545389
-4.225281602002504	18.31593025016789
-4.215269086357948	18.31590493828808
-4.2052565707133915	18.315875330042765
-4.1952440550688355	18.315842677250636
-4.18523153942428	18.31580800345587
-4.175219023779725	18.315772144665047
-4.165206508135169	18.315735782517915
-4.155193992490613	18.31569947135927
-4.145181476846057	18.315663660386413
-4.135168961201502	18.315628711812366
-4.1251564455569465	18.315594915797952
-4.11514392991239	18.315562502757423
-4.105131414267834	18.315531653523077
-4.095118898623279	18.315502507760478
-4.085106382978723	18.315475170950084
-4.075093867334168	18.31511732029335
-4.065081351689612	18.294057630921674
-4.055068836045056	18.294036093402475
-4.045056320400501	18.294016547416465
-4.035043804755945	18.293998997523282
-4.025031289111389	18.293983437318577
-4.015018773466833	18.29629552613885
-4.005006257822277	18.3697184753588
-3.994993742177722	18.33016991652796
-3.9849812265331668	18.330163331560936
-3.9749687108886107	18.27853310446123
-3.9649561952440546	18.32510063885591
-3.9549436795994994	18.300597586991316
-3.9449311639549434	18.31558240894039
-3.934918648310388	18.147928739606982
-3.924906132665832	18.03211447790036
-3.914893617021277	18.010254306637126
-3.904881101376721	18.032559281691793
-3.8948685857321648	18.055166214527382
-3.8848560700876096	18.003224710110235
-3.8748435544430535	18.114013539691364
-3.8648310387984983	18.150118619703008
-3.8548185231539422	18.36321294418991
-3.844806007509387	18.356342037140802
-3.834793491864831	18.63804190731274
-3.824780976220275	18.89485682504614
-3.8147684605757197	19.252447620235028
-3.8047559449311636	19.403610836703248
-3.7947434292866085	19.68347762111251
-3.7847309136420524	19.813468611298088
-3.774718397997497	20.064823165199325
-3.764705882352941	20.418919899171286
-3.754693366708385	20.845760600045235
-3.74468085106383	21.22909780226014
-3.734668335419274	21.53680508869111
-3.7246558197747186	21.917755275867858
-3.7146433041301625	22.083937878569806
-3.7046307884856065	22.32641616370857
-3.6946182728410513	22.444392576870825
-3.684605757196495	22.427500165869475
-3.67459324155194	22.538557740576106
-3.664580725907384	22.64425321752528
-3.6545682102628287	22.642295875114808
-3.6445556946182727	22.693843527578135
-3.6345431789737166	22.740566042142827
-3.6245306633291614	22.740516871173728
-3.6145181476846053	22.740467002195473
-3.60450563204005	22.74041750030844
-3.594493116395494	22.763611382478423
-3.584480600750939	22.779752854317838
-3.574468085106383	22.783983304337934
-3.5644555694618267	22.78411488223992
-3.5544430538172715	22.822193770068406
-3.5444305381727155	22.90906389094009
-3.5344180225281603	22.90901846399062
-3.524405506883604	22.90897381580085
-3.514392991239049	22.908930031615803
-3.504380475594493	22.908887182670135
-3.494367959949937	22.90884534433974
-3.4843554443053817	22.908804596400184
-3.4743429286608256	22.908765023305865
-3.4643304130162704	22.908726714492555
-3.4543178973717144	22.908689764706995
-3.444305381727159	22.908654274367915
-3.434292866082603	22.908620349963808
-3.424280350438047	22.90858810449462
-3.414267834793492	22.908557657966536
-3.4042553191489358	22.90852913795154
-3.3942428035043806	22.908502680227706
-3.3842302878598245	22.90847842952128
-3.3742177722152693	22.90845654037907
-3.3642052565707132	22.90843717821014
-3.354192740926157	22.908420520550756
-3.344180225281602	22.908406758627198
-3.334167709637046	22.90839609932253
-3.3241551939924907	22.90838876769894
-3.3141426783479346	22.908385010306244
-3.3041301627033794	22.908385099670976
-3.2941176470588234	22.908389340831874
-3.2841051314142673	22.908398082531576
-3.274092615769712	22.908411743006234
-3.264080100125156	22.908430892685814
-3.254067584480601	22.90845658135255
-3.2440550688360448	22.90849175166678
-3.2340425531914896	22.9085475219883
-3.2240300375469335	22.908671109384905
-3.2140175219023774	22.909064888812686
-3.2040050062578223	22.91049957224609
-3.193992490613266	22.914679480564924
-3.183979974968711	22.92075383618732
-3.173967459324155	22.924297662509307
-3.1639549436795997	22.925493102485383
-3.1539424280350437	22.9261898780012
-3.1439299123904876	22.929214405364235
-3.1339173967459324	22.944227948797387
-3.1239048811013763	22.964295614018674
-3.113892365456821	22.977566020444716
-3.103879849812265	22.988086197921252
-3.09386733416771	22.99160661115798
-3.083854818523154	23.002990328569357
-3.0738423028785977	23.050066298952707
-3.0638297872340425	23.095743276764487
-3.0538172715894865	23.204134858153832
-3.0438047559449313	23.32365921154209
-3.033792240300375	23.465885243215833
-3.02377972465582	23.65539131190835
-3.013767209011264	23.95938125845169
-3.003754693366708	24.331044567050803
-2.9937421777221527	24.678942447389595
-2.9837296620775966	24.87064710659324
-2.9737171464330414	25.154577035793274
-2.9637046307884853	25.57974726007611
-2.95369211514393	26.010570147858484
-2.943679599499374	26.440275324756968
-2.933667083854818	27.028858916357148
-2.923654568210263	27.68610168247164
-2.9136420525657067	28.33156917789139
-2.9036295369211516	28.96956078063106
-2.8936170212765955	29.705941621335906
-2.8836045056320403	30.310594399791604
-2.873591989987484	31.067537675978656
-2.863579474342928	31.89655129219571
-2.853566958698373	32.59868306196708
-2.843554443053817	33.20189002580918
-2.8335419274092617	33.74334432111624
-2.8235294117647056	34.32085925096148
-2.8135168961201504	34.89880013254485
-2.8035043804755944	35.53228305468492
-2.7934918648310383	36.34414172454762
-2.783479349186483	37.267731955086006
-2.773466833541927	38.22384931834691
-2.763454317897372	39.23779073232062
-2.7534418022528158	40.08690350009363
-2.7434292866082606	40.743292000338286
-2.7334167709637045	41.4388378814601
-2.7234042553191484	42.183833028349426
-2.7133917396745932	42.86910621333548
-2.703379224030037	43.61453894044652
-2.693366708385482	44.374493983916025
-2.683354192740926	45.18225320910803
-2.6733416770963707	46.00059893348103
-2.6633291614518146	46.56573023720792
-2.6533166458072586	46.85442022728519
-2.6433041301627034	46.95958193391052
-2.6332916145181473	47.15698343242655
-2.623279098873592	47.449852013955656
-2.613266583229036	47.7576344825471
-2.603254067584481	47.98140175805351
-2.593241551939925	48.05101647145663
-2.5832290362953687	48.16626832718333
-2.5732165206508135	48.370446868595884
-2.5632040050062574	48.581760473736445
-2.5531914893617023	48.887099825550116
-2.543178973717146	49.25902138056254
-2.533166458072591	49.63802548975209
-2.523153942428035	50.01391179082531
-2.513141426783479	50.19485747469721
-2.5031289111389237	50.22228657506695
-2.4931163954943676	50.21585256432566
-2.4831038798498124	50.31474888402135
-2.4730913642052563	50.480655620994206
-2.463078848560701	50.661207265553806
-2.453066332916145	50.77403589727223
-2.443053817271589	50.71041540397245
-2.433041301627034	50.55170849028744
-2.4230287859824777	50.25676286000341
-2.4130162703379225	49.94217275677066
-2.4030037546933665	49.7537639528832
-2.3929912390488113	49.60960654607875
-2.382978723404255	49.40963100236538
-2.372966207759699	49.15718475865613
-2.362953692115144	49.045499731026496
-2.352941176470588	49.01028503684608
-2.3429286608260327	48.93419025055421
-2.3329161451814766	48.77938934057726
-2.3229036295369214	48.55903726869422
-2.3128911138923653	48.24797649410258
-2.3028785982478093	47.935313269883764
-2.292866082603254	47.59541066081435
-2.282853566958698	47.269484041937275
-2.272841051314143	46.87763512680511
-2.2628285356695867	46.635186617361306
-2.2528160200250316	46.51000256292153
-2.2428035043804755	46.44365376689115
-2.2327909887359194	46.5115570100107
-2.2227784730913642	46.68538387055596
-2.212765957446808	46.81315657895047
-2.202753441802253	46.805971524151985
-2.192740926157697	46.86722842481177
-2.1827284105131417	47.051536260558386
-2.1727158948685856	47.28791291893365
-2.1627033792240296	47.34450109955289
-2.1526908635794744	47.362286705447616
-2.1426783479349183	47.620461510266814
-2.132665832290363	47.97533892806974
-2.122653316645807	48.16198458446774
-2.112640801001252	48.46387384300461
-2.1026282853566958	48.85935891759653
-2.0926157697121397	49.13926726114601
-2.0826032540675845	49.43379655127902
-2.0725907384230284	49.78172114280541
-2.0625782227784732	50.10770992306927
-2.052565707133917	50.39418668875668
-2.042553191489362	50.60192267426921
-2.032540675844806	50.73617334737609
-2.02252816020025	50.951586409038086
-2.0125156445556946	51.14160506023943
-2.0025031289111386	51.307290845435105
-1.9924906132665834	51.41919951798368
-1.9824780976220273	51.515816608912274
-1.9724655819774712	51.54313087134171
-1.962453066332916	51.517258585889564
-1.95244055068836	51.569283280373654
-1.9424280350438048	51.64270572457231
-1.9324155193992487	51.697093656304354
-1.9224030037546935	51.80218745254581
-1.9123904881101375	51.9333397044058
-1.9023779724655814	51.985238746189374
-1.8923654568210262	51.93450020526811
-1.8823529411764701	51.93810663178588
-1.872340425531915	52.05390961513713
-1.8623279098873589	52.0379371985559
-1.8523153942428037	51.9062996222504
-1.8423028785982476	51.82843554473571
-1.8322903629536915	51.75476713165764
-1.8222778473091363	51.58151182460245
-1.8122653316645803	51.34303437626779
-1.802252816020025	51.08322741464172
-1.792240300375469	50.787083158848574
-1.7822277847309138	50.421518643399224
-1.7722152690863577	50.10055949342556
-1.7622027534418017	49.78674673949287
-1.7521902377972465	49.403478093053664
-1.7421777221526904	48.88799363784536
-1.7321652065081352	48.317761620137276
-1.7221526908635791	47.859161933872684
-1.712140175219024	47.425167592905396
-1.7021276595744679	46.91288471442633
-1.6921151439299118	46.19367114104459
-1.6821026282853566	45.41294042037988
-1.6720901126408005	44.57845191836316
-1.6620775969962454	43.75057115964127
-1.6520650813516893	42.944535844166076
-1.642052565707134	42.053876844722375
-1.632040050062578	41.10519739017881
-1.622027534418022	40.24947209043456
-1.6120150187734668	39.5013662283623
-1.6020025031289107	38.83605332422102
-1.5919899874843555	38.166951953356026
-1.5819774718397994	37.39555409938199
-1.5719649561952442	36.53476063055404
-1.5619524405506882	35.68674451688546
-1.551939924906132	34.84662549398302
-1.541927409261577	34.10246640202955
-1.5319148936170208	33.40046409418187
-1.5219023779724656	32.61088713483159
-1.5118898623279096	31.838822444282673
-1.5018773466833544	31.041054046626424
-1.4918648310387983	30.268226868508208
-1.4818523153942422	29.55338157913816
-1.471839799749687	28.992106569275162
-1.461827284105131	28.467076703986386
-1.4518147684605758	27.80998509544385
-1.4418022528160197	27.255399264459832
-1.4317897371714645	26.849186331060636
-1.4217772215269084	26.62615334266363
-1.4117647058823524	26.30692207821743
-1.4017521902377972	25.881188650972433
-1.391739674593241	25.634978157036656
-1.381727158948686	25.334169760699474
-1.3717146433041298	24.871839578756997
-1.3617021276595747	24.34288207057886
-1.3516896120150186	23.73722967702138
-1.3416770963704625	23.1591531070582
-1.3316645807259073	22.73718686835794
-1.3216520650813512	22.338222204716672
-1.311639549436796	21.906793483290734
-1.30162703379224	21.608543175906707
-1.2916145181476848	21.222885570942065
-1.2816020025031287	20.95567742835936
-1.2715894868585726	20.802262883464095
-1.2615769712140175	20.549761512108617
-1.2515644555694614	20.132982559335037
-1.2415519399249062	19.77828187381255
-1.2315394242803501	19.346886971316856
-1.221526908635795	19.192282983319576
-1.2115143929912389	19.100278734492917
-1.2015018773466828	18.90259589342103
-1.1914893617021276	18.572707083253924
-1.1814768460575715	18.426728949969995
-1.1714643304130163	18.440334502420363
-1.1614518147684603	18.53085921766319
-1.151439299123905	18.534063724648426
-1.141426783479349	18.5825914082139
-1.131414267834793	18.573687273764612
-1.1214017521902377	18.52363608539202
-1.1113892365456817	18.5108356039913
-1.1013767209011265	18.59240832502484
-1.0913642052565704	18.661836605928503
-1.0813516896120152	18.68845450132649
-1.0713391739674591	18.83767559316624
-1.061326658322903	19.07225341951134
-1.0513141426783479	19.279406073660894
-1.0413016270337918	19.445453822879433
-1.0312891113892366	19.54372729864436
-1.0212765957446805	19.621241992523025
-1.0112640801001254	19.749705902391298
-1.0012515644555693	20.031344788928365
-0.9912390488110132	20.357026375693124
-0.981226533166458	20.676203126423538
-0.971214017521902	20.983042898980983
-0.9612015018773468	21.23074764277091
-0.9511889862327907	21.452120799659415
-0.9411764705882355	21.67415528470291
-0.9311639549436794	21.86456088728607
-0.9211514392991234	22.041430815349432
-0.9111389236545682	22.282061351946755
-0.9011264080100121	22.39658921732492
-0.8911138923654569	22.433030880290886
-0.8811013767209008	22.434379103822913
-0.8710888610763456	22.32029846970306
-0.8610763454317896	22.267900994801394
-0.8510638297872335	22.21724731890923
-0.8410513141426783	22.18879174945739
-0.8310387984981222	22.178709322939806
-0.821026282853567	22.150178815035247
-0.811013767209011	22.135889307756507
-0.8010012515644558	22.18852364595397
-0.7909887359198997	22.311581364560357
-0.7809762202753436	22.419781264316363
-0.7709637046307884	22.44573848988905
-0.7609511889862324	22.355222206755165
-0.7509386733416772	22.174667253906158
-0.7409261576971211	21.975519976508068
-0.7309136420525659	21.775551709416007
-0.7209011264080099	21.500702206558483
-0.7108886107634538	21.171301885510974
-0.7008760951188986	20.88727145184655
-0.6908635794743425	20.563841572775228
-0.6808510638297873	20.224206410199518
-0.6708385481852313	19.951187322188442
-0.6608260325406761	19.67169440213777
-0.65081351689612	19.403805647059677
-0.6408010012515639	19.177701457988217
-0.6307884856070087	18.92462820067138
-0.6207759699624527	18.63351579670079
-0.6107634543178975	18.37290074714321
-0.6007509386733414	18.211233351466447
-0.5907384230287862	18.06554299150905
-0.5807259073842301	17.981599934267
-0.5707133917396741	17.944789504849943
-0.5607008760951189	17.865251691319624
-0.5506883604505628	17.661659783191695
-0.5406758448060076	17.545739191519168
-0.5306633291614515	17.46272606964233
-0.5206508135168963	17.45093334847886
-0.5106382978723403	17.49787680194073
-0.5006257822277842	17.564178341301766
-0.490613266583229	17.56299053083946
-0.48060075093867294	17.614052149350574
-0.47058823529411775	17.80209845281208
-0.4605757196495617	18.069830023031347
-0.4505632040050065	18.280123736225065
-0.4405506883604504	18.46238340137781
-0.43053817271589434	18.653096674146326
-0.42052565707133915	18.885292752901172
-0.4105131414267831	19.095990338382638
-0.4005006257822279	19.301095354509844
-0.3904881101376718	19.601950150525422
-0.38047559449311663	19.939905332794424
-0.37046307884856056	20.303437929668974
-0.3604505632040045	20.690501311174497
-0.3504380475594493	21.075595252184492
-0.3404255319148932	21.497600989654465
-0.33041301627033803	21.87310284666526
-0.32040050062578196	22.200131176168505
-0.3103879849812259	22.45136032670194
-0.3003754693366707	22.65275949090457
-0.2903629536921146	22.88319766942745
-0.28035043804755944	23.144595222984375
-0.27033792240300336	23.433625233687604
-0.2603254067584482	23.707969658749008
-0.2503128911138921	23.877375970534192
-0.24030037546933602	24.004204066426748
-0.23028785982478084	24.105137559380907
-0.22027534418022476	24.21538433361101
-0.21026282853566958	24.29196216449069
-0.2002503128911135	24.36238303755427
-0.19023779724655832	24.432110028294826
-0.18022528160200224	24.495844254668835
-0.17021276595744617	24.55211470641399
-0.16020025031289098	24.600640947911128
-0.1501877346683349	24.685281285801707
-0.14017521902377972	24.78682644308208
-0.13016270337922364	24.86791080509065
-0.12015018773466846	24.985680245660195
-0.11013767209011238	25.141847273192
-0.10012515644555631	25.268419493249485
-0.09011264080100112	25.336513798529374
-0.08010012515644505	25.37465741364153
-0.07008760951188986	25.409968272759965
-0.060075093867333784	25.42356965804566
-0.0500625782227786	25.45502731991758
-0.04005006257822252	25.419306833725738
-0.030037546933666448	25.263466858063175
-0.02002503128911126	25.123396762184356
-0.010012515644555187	25.07987507520619
0.0	25.053735432602423
