  119.000000    3.208531    6.773026    0.001191    0.000007    5.292373   29.830009  -241.029816   16.805058    0.000373  -179.119263
  176.000000    3.132639    6.894859    0.006210    0.177673    8.560760   26.540894  -240.622742   16.913794    0.017093  -178.378830
  166.000000    2.783841    6.340447    0.033411    0.459776   18.596165   18.150347  -239.383820   17.249340    0.043380  -175.727112
  238.000000    2.494735    5.694356    0.041965    1.089976   26.946909   12.075971  -237.984955   17.631437    0.022553  -171.987061
  162.000000    2.432776    5.290945    0.052739    1.776499   34.230309    7.898710  -236.332611   18.108543    0.041316  -166.500763
  100.000000    2.471998    5.608730    0.051159    1.846553   41.663498    3.612771  -234.089005   18.787628    0.026447  -160.020218
  176.000000    2.507617    4.947001    0.050834    1.447273   45.497787    3.875032  -232.431000   19.542141    0.016101  -154.547211
  153.000000    2.561420    5.092639    0.051957    1.067211   49.855778    2.912752  -231.311935   20.329350    0.006866  -149.433960
  210.000000    2.468900    4.911060    0.023385    0.696386   51.664886    3.496158  -230.563965   21.098450    0.002359  -146.202377
   92.000000    2.388749    4.809369    0.012107    0.127634   53.019783    3.903316  -230.135284   22.011827    0.000000  -143.862503
  179.000000    2.413703    4.845279    0.010168    1.164229   48.805668    3.251962  -229.668762   23.036655    0.021515  -146.119583
   74.000000    2.398747    5.105522    0.029369    2.504466   43.145908    2.537656  -229.189835   23.611597    0.027344  -149.829224
  112.000000    2.472064    5.362458    0.037652    2.673650   36.700073    2.415858  -228.912766   23.967422    0.018499  -155.265091
  126.000000    2.428558    5.377034    0.027168    2.140162   29.967625    3.988081  -228.627350   24.261751    0.015038  -160.421936
   60.000000    2.386584    5.340438    0.026427    1.596676   22.972380    7.274435  -228.364761   24.577364    0.020316  -164.170151
   84.000000    2.505941    5.660501    0.020325    1.005273   15.897340   10.943423  -228.307526   24.852407    0.019360  -167.402954
  137.000000    2.504549    5.832773    0.015938    0.510529    8.420765   15.988526  -228.126526   25.116091    0.014334  -169.723038
   84.000000    2.648049    6.203667    0.009009    0.193029    2.917675   20.772057  -228.023895   25.323137    0.007452  -169.949829
   33.000000    2.841344    6.652125    0.004013    0.037879   -0.000703   23.373890  -227.922043   25.375635    0.000854  -169.636993
   75.000000    2.626921    6.167748    0.008407    0.183985    2.972454   20.819639  -227.993561   25.327072    0.002598  -169.884735
   79.000000    2.500428    5.772070    0.019241    0.547927    8.885324   15.835393  -228.092102   25.117363    0.017131  -169.397232
   70.000000    2.512806    5.826916    0.027967    0.986089   16.269230   10.487957  -228.237457   24.844513    0.018530  -167.263458
   88.000000    2.381178    5.587209    0.027363    1.551771   23.204212    6.626635  -228.445648   24.526207    0.018223  -164.522858
   74.000000    2.375648    5.303192    0.025654    2.157423   30.094263    4.209548  -228.586044   24.244591    0.023034  -160.152679
  121.000000    2.471308    5.345294    0.020493    2.647722   36.712803    2.319286  -228.940216   23.921606    0.026374  -155.475342
  202.000000    2.506990    5.259496    0.022513    2.490516   43.178139    1.597522  -229.204727   23.575443    0.029297  -150.544815
  111.000000    2.546111    4.797275    0.009400    1.195956   49.701031    2.713837  -229.501373   22.993372    0.020634  -145.523758
  102.000000    2.397274    4.703632    0.009145    0.111529   52.743252    4.111536  -229.991562   21.984196    0.000109  -143.930893
   97.000000    2.647813    5.026616    0.020863    0.714103   52.698475    2.742604  -230.601868   21.148872    0.005727  -145.596817
  124.000000    2.453774    4.933834    0.036854    1.088654   49.474205    3.687515  -231.293304   20.321083    0.006667  -149.290726
  143.000000    2.620244    5.199552    0.068126    1.481753   46.390251    2.817399  -232.439636   19.507330    0.010413  -154.344574
  167.000000    2.518735    5.268659    0.055864    1.839506   41.095394    4.315513  -234.133545   18.731405    0.029449  -160.279022
   91.000000    2.501616    5.243866    0.048084    1.762378   34.673149    7.784183  -236.363037   18.123718    0.035056  -166.190994
  252.000000    2.476981    5.704814    0.044544    0.993495   27.183441   12.060328  -238.019653   17.640499    0.026352  -171.889191
  142.000000    2.760749    6.507687    0.023763    0.498969   18.320173   18.169432  -239.376999   17.236427    0.046797  -175.813004
  191.000000    3.101296    6.776362    0.005560    0.191742    8.135698   26.589785  -240.567871   16.946131    0.015967  -178.805328
  124.000000    3.218351    6.810741    0.001828    0.028112    5.292367   29.726076  -241.006531   16.813097    0.000390  -179.115555
