  368.000000    3.159411    6.501990    0.000659    0.000007   30.606653  -241.128738   16.815409    0.000207  -184.044388
  559.000000    3.078385    6.733495    0.005349    0.156262   27.323196  -240.704849   16.911762    0.000780  -186.495621
 1322.000000    2.739696    6.295575    0.028202    0.460054   18.711403  -239.462891   17.233212    0.000005  -193.994751
 1006.000000    2.487422    5.617173    0.036272    1.111054   12.888502  -238.137665   17.612015    0.002025  -198.383194
  719.000000    2.373552    5.144826    0.041459    1.841543    8.652491  -236.373825   18.077557    0.001586  -200.240799
  934.000000    2.494388    5.225140    0.059862    1.821277    4.285271  -234.188477   18.766239    0.004124  -201.532181
  576.000000    2.388171    4.808474    0.042105    1.485893    4.818473  -232.521530   19.536518    0.000898  -199.440994
  627.000000    2.479917    4.916091    0.042341    1.053222    3.654815  -231.318726   20.331392    0.002446  -198.838501
  428.000000    2.347095    4.568212    0.013144    0.699089    4.961545  -230.648071   21.109871    0.001907  -196.947220
  399.000000    2.388390    4.619228    0.005314    0.093404    4.526521  -230.129684   22.019821    0.000416  -196.476593
  300.000000    2.286326    4.430152    0.005754    1.190610    4.836342  -229.663040   23.044062    0.002849  -193.866928
  443.000000    2.398460    4.947725    0.017621    2.523269    3.007639  -229.259277   23.612984    0.003423  -192.748169
  428.000000    2.375714    5.097128    0.024871    2.688499    3.181315  -228.939255   23.994373    0.002529  -191.574829
  376.000000    2.339290    5.140482    0.023560    2.192682    4.828279  -228.638474   24.292387    0.001261  -189.820526
  362.000000    2.339369    5.234355    0.024928    1.550455    7.691769  -228.412933   24.585312    0.000413  -186.986328
  309.000000    2.391536    5.462781    0.020157    0.971467   11.613181  -228.268341   24.866444    0.000087  -182.942688
  181.000000    2.435203    5.366159    0.011294    0.521569   17.440439  -228.173767   25.136986    0.001283  -177.260834
  204.000000    2.637218    5.943421    0.007975    0.167586   21.557888  -228.065414   25.319498    0.000027  -172.431793
  151.000000    2.677353    5.900940    0.001503    0.015933   24.445200  -228.040009   25.398548    0.000360  -169.600174
  213.000000    2.634269    6.013655    0.005877    0.165680   21.440861  -228.078156   25.321825    0.000066  -172.495926
  233.000000    2.478184    5.648656    0.014571    0.514787   16.602646  -228.141312   25.120886    0.000002  -177.761581
  328.000000    2.400667    5.520152    0.021673    0.952132   11.137624  -228.238007   24.848242    0.000040  -183.357483
  386.000000    2.358665    5.315097    0.028297    1.519103    7.387251  -228.449860   24.569130    0.000395  -187.271912
  371.000000    2.344289    5.137189    0.025877    2.149573    4.668144  -228.607208   24.262627    0.001240  -190.018265
  423.000000    2.370493    5.079941    0.022097    2.689318    3.180880  -228.957123   23.955074    0.002416  -191.656906
  423.000000    2.379619    4.916410    0.018919    2.540923    2.961881  -229.266159   23.590258    0.003507  -192.854645
  419.000000    2.366084    4.735483    0.005504    1.178955    3.472336  -229.574554   23.001162    0.002493  -194.812546
  333.000000    2.310600    4.399013    0.003296    0.080382    5.056432  -230.081329   21.999302    0.000361  -196.231949
  618.000000    2.490769    4.904376    0.019746    0.675617    3.447936  -230.631180   21.102949    0.000158  -197.989639
  533.000000    2.424294    4.837700    0.038832    1.073774    4.210764  -231.350815   20.309277    0.002074  -198.454102
  795.000000    2.509740    5.094514    0.053849    1.432823    3.545325  -232.487122   19.533159    0.003187  -200.314529
  749.000000    2.439065    5.103527    0.046707    1.898920    5.061057  -234.232376   18.731852    0.003678  -200.947571
  867.000000    2.426714    5.266317    0.047647    1.759760    8.061277  -236.308807   18.092108    0.004085  -200.650909
 1078.000000    2.473990    5.612755    0.035658    1.070396   12.686623  -238.104004   17.613628    0.002236  -198.608704
 1356.000000    2.737277    6.325654    0.026450    0.481317   18.679802  -239.459564   17.232851    0.000906  -193.975311
  503.000000    3.026142    6.539139    0.006208    0.176469   27.720110  -240.710892   16.915665    0.000593  -186.326569
  365.000000    3.181526    6.515092    0.001698    0.014891   30.554323  -241.084061   16.815556    0.000218  -184.000763
