-8.0	24.67404129147556
-7.989987484355444	24.588590586784697
-7.979974968710889	24.557998878201225
-7.969962453066333	24.577413985627604
-7.9599499374217775	24.625549270780038
-7.949937421777221	24.713719090870896
-7.939924906132666	24.855849494040857
-7.92991239048811	25.022605970735697
-7.919899874843554	25.196736702911863
-7.909887359198999	25.40075811425695
-7.899874843554443	25.676408587966172
-7.889862327909888	26.06003147600178
-7.8798498122653315	26.53464588428722
-7.869837296620776	27.0791249404068
-7.85982478097622	27.667897036565332
-7.849812265331664	28.241272398294846
-7.839799749687109	28.744062718520226
-7.829787234042553	29.195129481638087
-7.819774718397998	29.695392134231632
-7.809762202753442	30.33674150432619
-7.7997496871088865	31.13701862787717
-7.78973717146433	32.02776677837224
-7.779724655819774	32.89308512376872
-7.769712140175219	33.66432579725798
-7.759699624530663	34.338192681040994
-7.749687108886108	34.93240912780129
-7.739674593241552	35.484511499250196
-7.729662077596997	36.097126699910696
-7.719649561952441	36.88742542645717
-7.7096370463078845	37.875729815181835
-7.699624530663329	39.01055018096465
-7.689612015018773	40.233471456921116
-7.679599499374218	41.477707257909415
-7.669586983729662	42.65220695234208
-7.659574468085107	43.67764872037501
-7.649561952440551	44.56925162417848
-7.639549436795995	45.417632966445744
-7.629536921151439	46.2682609115474
-7.619524405506883	47.06141677867755
-7.609511889862328	47.748333409114785
-7.599499374217772	48.36025404121426
-7.589486858573217	48.91101467633721
-7.579474342928661	49.33045795401207
-7.569461827284105	49.589816727208955
-7.55944931163955	49.77653075117843
-7.5494367959949935	50.01700717233208
-7.539424280350438	50.39182235259707
-7.529411764705882	50.88554766914047
-7.519399249061326	51.44133247830333
-7.509386733416771	51.99265315746446
-7.499374217772215	52.50692635161471
-7.48936170212766	52.9690656170335
-7.479349186483104	53.368177808905244
-7.4693366708385485	53.75047036861804
-7.459324155193992	54.22126949919934
-7.449311639549437	54.86799143883534
-7.439299123904881	55.65102535900328
-7.429286608260325	56.443680649135494
-7.41927409261577	57.15860647854406
-7.409261576971214	57.81295638784474
-7.399249061326659	58.54667069543623
-7.3892365456821025	59.41503044974816
-7.3792240300375465	60.33491686241441
-7.369211514392991	61.28771792698934
-7.359198998748435	62.32205683263015
-7.34918648310388	63.361234135833755
-7.339173967459324	64.31472608024926
-7.329161451814769	65.17866293405437
-7.319148936170213	65.97356733433277
-7.3091364205256575	66.79265273657573
-7.299123904881101	67.81073159190638
-7.289111389236545	68.98206816527372
-7.27909887359199	70.23569133319812
-7.269086357947434	71.43407943500847
-7.259073842302879	72.44203574178165
-7.249061326658323	73.32255937954602
-7.239048811013767	74.13239534674213
-7.2290362953692116	74.9809519340626
-7.2190237797246555	75.71528067845456
-7.2090112640801	76.18120526408
-7.198998748435544	76.39721288251691
-7.188986232790989	76.50660002214849
-7.178973717146433	76.57246539278269
-7.168961201501878	76.62998721885995
-7.158948685857322	76.78655041791073
-7.148936170212766	77.01244200658302
-7.13892365456821	77.13543850328728
-7.128911138923654	77.14945784860264
-7.118898623279099	77.06889858922818
-7.108886107634543	76.75466939888081
-7.098873591989987	76.39580645691609
-7.088861076345432	76.09853536245733
-7.078848560700876	75.66432626811985
-7.068836045056321	75.04704826068779
-7.0588235294117645	74.23213956122183
-7.048811013767209	73.26345402868436
-7.038798498122653	72.23402404207592
-7.028785982478098	71.1207181936557
-7.018773466833542	70.0344839969396
-7.008760951188986	69.16571158668249
-6.998748435544431	68.47819609707852
-6.988735919899875	67.91652735046327
-6.9787234042553195	67.37153390342834
-6.968710888610763	66.71121952569871
-6.958698372966207	65.84785388073878
-6.948685857321652	64.84922878675452
-6.938673341677096	63.86261651809253
-6.928660826032541	62.971823444235696
-6.918648310387985	62.23118601823061
-6.908635794743429	61.65945211807502
-6.8986232790988735	61.2635227556254
-6.888610763454318	61.052026417858684
-6.878598247809762	60.996775551817315
-6.868585732165206	61.06829744555941
-6.858573216520651	61.230824083657005
-6.848560700876095	61.42612299511179
-6.83854818523154	61.62556462056239
-6.828535669586984	61.82745389724786
-6.818523153942428	62.027239917250846
-6.808510638297872	62.198275819956734
-6.798498122653316	62.29574171625872
-6.788485607008761	62.30797277667783
-6.778473091364205	62.29720527742123
-6.768460575719649	62.36110292151778
-6.758448060075094	62.590152221165155
-6.748435544430539	62.941750560326255
-6.7384230287859825	63.39477331901183
-6.7284105131414265	64.03891061087654
-6.718397997496871	64.80161561826314
-6.708385481852315	65.5737712849612
-6.69837296620776	66.23606855970387
-6.688360450563204	66.80479959238411
-6.678347934918648	67.26867781947703
-6.668335419274093	67.54234414076085
-6.658322903629537	67.72642861741946
-6.648310387984981	68.0390550928857
-6.638297872340425	68.52230864883968
-6.628285356695869	69.07747980178893
-6.618272841051314	69.68223389280081
-6.608260325406759	70.31182377201955
-6.598247809762203	71.03365211386455
-6.588235294117647	71.83626106421414
-6.578222778473092	72.70115602818878
-6.5682102628285355	73.59368265769481
-6.55819774718398	74.31194459949997
-6.548185231539424	74.81638730129379
-6.538172715894868	75.26852603431438
-6.528160200250313	75.66938175186968
-6.518147684605757	75.92595933014208
-6.508135168961202	75.96294399564778
-6.498122653316646	75.78662790300173
-6.4881101376720896	75.46446358680329
-6.478097622027534	75.06197137677137
-6.468085106382979	74.62822825455508
-6.458072590738423	74.14136900408928
-6.448060075093867	73.60842954136821
-6.438047559449312	72.95971965740347
-6.428035043804756	72.12085162827276
-6.418022528160201	71.0367427821249
-6.4080100125156445	69.83689289666434
-6.397997496871088	68.6579976478377
-6.387984981226533	67.41340691615363
-6.377972465581977	66.02835011878247
-6.367959949937422	64.5731454329936
-6.357947434292866	63.098943115606865
-6.34793491864831	61.64046460654273
-6.337922403003755	60.17688145241763
-6.3279098873591995	58.616471032919236
-6.317897371714643	57.043949014203235
-6.307884856070087	55.471160086349165
-6.297872340425532	53.82997417296258
-6.287859824780976	52.226561810182154
-6.277847309136421	50.82176200305327
-6.267834793491865	49.71501104649381
-6.257822277847309	48.903589107282556
-6.2478097622027535	48.31747750539643
-6.2377972465581975	47.82852293107642
-6.227784730913642	47.32727494375385
-6.217772215269086	46.75178016786661
-6.20775969962453	46.09384589760772
-6.197747183979975	45.3685187809969
-6.18773466833542	44.57494109919072
-6.177722152690864	43.72743770672323
-6.167709637046308	42.89638721166681
-6.157697121401752	42.20756669848274
-6.147684605757196	41.794711763500025
-6.137672090112641	41.70025172313644
-6.127659574468085	41.83343573431077
-6.117647058823529	42.11463432387691
-6.107634543178974	42.54627835207737
-6.097622027534418	43.130170516054626
-6.0876095118898625	43.77744387063468
-6.0775969962453065	44.41246419754829
-6.06758448060075	45.07281543349292
-6.057571964956195	45.84984324765629
-6.04755944931164	46.749502970057435
-6.037546933667084	47.713338683105384
-6.027534418022528	48.72556284068569
-6.017521902377973	49.83207062175115
-6.007509386733417	51.04297322511755
-5.997496871088861	52.342917384828716
-5.987484355444305	53.75085077106105
-5.977471839799749	55.24203093014711
-5.967459324155194	56.722913878036174
-5.957446808510639	58.17855622257923
-5.947434292866083	59.660277442268246
-5.937421777221527	61.19020976959161
-5.927409261576971	62.72881008912495
-5.9173967459324155	64.22491129319351
-5.90738423028786	65.66891733672286
-5.897371714643304	67.05104021125327
-5.887359198998748	68.35821551805724
-5.877346683354192	69.55455548708188
-5.867334167709637	70.47088019097538
-5.857321652065082	71.03168556787836
-5.847309136420526	71.30085591868254
-5.83729662077597	71.43742005380135
-5.827284105131414	71.57868971022782
-5.817271589486858	71.83185901561306
-5.807259073842303	72.09933638712366
-5.797246558197747	72.11230648067136
-5.787234042553191	71.78226375187322
-5.777221526908636	71.22864625071001
-5.767209011264081	70.4067385386261
-5.7571964956195245	69.2293985204911
-5.747183979974968	67.89832583047354
-5.737171464330412	66.48825149326882
-5.727158948685857	65.18322157030556
-5.717146433041302	64.03675075474479
-5.707133917396746	63.06007590523358
-5.69712140175219	62.20508879632447
-5.687108886107635	61.30706668139104
-5.677096370463079	60.402949294112005
-5.667083854818523	59.6682650886266
-5.657071339173967	58.91310880736885
-5.647058823529411	58.14875291937965
-5.637046307884856	57.572290381400165
-5.627033792240301	57.0927396996905
-5.617021276595745	56.75283703908366
-5.607008760951189	56.466398374064774
-5.596996245306633	56.368605258144484
-5.5869837296620775	56.46319445462213
-5.576971214017522	56.7202852296426
-5.566958698372966	57.238056632958035
-5.55694618272841	57.81417605984545
-5.546933667083855	58.4424674023033
-5.536921151439299	59.17522582587582
-5.526908635794744	60.03608601182575
-5.516896120150188	61.09960955888592
-5.5068836045056315	62.34509941882736
-5.496871088861076	63.59700690105001
-5.486858573216521	64.59228765776398
-5.476846057571965	65.52398595819325
-5.466833541927409	66.43790220226435
-5.456821026282853	67.22363297496413
-5.446808510638298	67.93133566323239
-5.4367959949937426	68.6664851070879
-5.4267834793491865	69.32957837313027
-5.41677096370463	69.82643256711009
-5.406758448060075	70.23194720947657
-5.396745932415519	70.50574793094282
-5.386733416770964	70.61394669685278
-5.376720901126408	70.68468797299585
-5.366708385481852	70.82756467407015
-5.356695869837297	70.87379780166852
-5.346683354192741	70.76897136184908
-5.336670838548185	70.484424718441
-5.326658322903629	70.02948741325741
-5.316645807259073	69.53316405118571
-5.306633291614518	69.00598273531634
-5.296620775969963	68.36709159812612
-5.286608260325407	67.53198570529932
-5.276595744680851	66.50808816708904
-5.2665832290362955	65.25410373934929
-5.256570713391739	64.01477257871731
-5.246558197747184	62.819783586856865
-5.236545682102628	61.462135879682315
-5.226533166458072	59.942015099344744
-5.216520650813517	58.42167855014142
-5.206508135168962	56.945395406231626
-5.196495619524406	55.35958234658615
-5.18648310387985	53.660899019204436
-5.1764705882352935	51.9472725398394
-5.166458072590738	50.42216480377101
-5.156445556946183	48.96156197563176
-5.146433041301627	47.396005699866045
-5.136420525657071	45.746656208379164
-5.126408010012516	44.02950752890077
-5.11639549436796	42.4385312832588
-5.1063829787234045	40.80541218241171
-5.0963704630788484	39.05206180489787
-5.086357947434292	37.62036471658677
-5.076345431789737	36.423763550115495
-5.066332916145182	35.24926706285724
-5.056320400500626	34.09647461463317
-5.04630788485607	33.22337959594698
-5.036295369211514	32.4534315982899
-5.026282853566959	31.743729777345546
-5.016270337922403	31.081199203035023
-5.006257822277847	30.42863561250139
-4.996245306633291	29.924392336670454
-4.986232790988735	29.56226728255754
-4.97622027534418	29.27667522757459
-4.966207759699625	29.059798732496205
-4.956195244055069	28.87722321119687
-4.946182728410513	28.73969638126852
-4.9361702127659575	28.698407646034447
-4.926157697121402	28.676709453300855
-4.916145181476846	28.65783171205088
-4.90613266583229	28.635796002534196
-4.896120150187734	28.59657240611859
-4.886107634543179	28.522349295151823
-4.876095118898624	28.48742441670457
-4.866082603254068	28.47551045080784
-4.8560700876095115	28.470532288421776
-4.8460575719649555	28.468427503244808
-4.8360450563204	28.467421495769926
-4.826032540675845	28.466870021715952
-4.816020025031289	28.46654860665256
-4.806007509386733	28.466370938449284
-4.795994993742178	28.466296667048777
-4.785982478097623	28.4663022870785
-4.7759699624530665	28.466371640967488
-4.76595744680851	28.466492527239257
-4.755944931163954	28.466655284899197
-4.745932415519399	28.466852074293847
-4.735919899874844	28.467076441153985
-4.725907384230288	28.4673230190984
-4.715894868585732	28.46758731265721
-4.705882352941176	28.46786553318256
-4.6958698372966206	28.468154472035767
-4.685857321652065	28.4684514010825
-4.675844806007509	28.468753993647653
-4.665832290362953	28.469060261035363
-4.655819774718398	28.46936850103514
-4.645807259073843	28.469677255758207
-4.635794743429287	28.469985276810828
-4.625782227784731	28.470291496292873
-4.615769712140175	28.470595002465156
-4.605757196495619	28.470895019191648
-4.595744680851064	28.4711908884597
-4.585732165206508	28.471482055430634
-4.575719649561952	28.471768055585077
-4.565707133917396	28.472048503615856
-4.555694618272841	28.472323083786982
-4.545682102628286	28.472591541531656
-4.53566958698373	28.47285367610187
-4.5256570713391735	28.47310933411654
-4.515644555694618	28.47335840388052
-4.505632040050063	28.473600810368552
-4.495619524405507	28.473836510784945
-4.485607008760951	28.474065490624206
-4.475594493116395	28.4742877601693
-4.46558197747184	28.47450335137317
-4.4555694618272845	28.474712315077785
-4.4455569461827285	28.474914718531096
-4.435544430538172	28.475110643167476
-4.425531914893616	28.475300182622544
-4.415519399249061	28.47548344095654
-4.405506883604506	28.47566053106379
-4.39549436795995	28.47583157324883
-4.385481852315394	28.475996693951892
-4.375469336670839	28.476156024608557
-4.365456821026283	28.476309700630274
-4.355444305381727	28.476457860493408
-4.345431789737171	28.476600644926794
-4.335419274092615	28.476738196187632
-4.32540675844806	28.47687065741786
-4.315394242803505	28.47699817207265
-4.305381727158949	28.477120883414944
-4.295369211514393	28.477238934068993
-4.285356695869837	28.477352465628012
-4.275344180225281	28.47746161831033
-4.265331664580726	28.477566530659775
-4.25531914893617	28.47766733935289
-4.245306633291614	28.47765700017773
-4.235294117647059	28.362548778858596
-4.225281602002504	28.22662532678155
-4.215269086357948	28.105589463878818
-4.2052565707133915	27.740021833992408
-4.1952440550688355	27.296440551383157
-4.18523153942428	27.152380019043314
-4.175219023779725	26.403749264812017
-4.165206508135169	26.4036964111937
-4.155193992490613	26.280265695715112
-4.145181476846057	25.884773346662215
-4.135168961201502	25.096883352987458
-4.1251564455569465	24.248258565145242
-4.11514392991239	22.587593349068943
-4.105131414267834	20.176839386497722
-4.095118898623279	17.770678293895315
-4.085106382978723	16.378426933724285
-4.075093867334168	15.045918655817092
-4.065081351689612	13.71542749128757
-4.055068836045056	12.281152447871508
-4.045056320400501	11.434393232731482
-4.035043804755945	10.449063014504606
-4.025031289111389	9.088352682414783
-4.015018773466833	7.697036225738806
-4.005006257822277	6.3051428652053385
-3.994993742177722	4.281207139132057
-3.9849812265331668	3.726971164867074
-3.9749687108886107	3.3295230371880673
-3.9649561952440546	3.2821878761857883
-3.9549436795994994	3.438772383650677
-3.9449311639549434	3.423493098462225
-3.934918648310388	3.2933130366468433
-3.924906132665832	3.6558928361646634
-3.914893617021277	4.0768833565771825
-3.904881101376721	4.493084564578682
-3.8948685857321648	5.25004885221466
-3.8848560700876096	5.574256078886099
-3.8748435544430535	6.604967575726742
-3.8648310387984983	7.70960177372713
-3.8548185231539422	8.73623051112321
-3.844806007509387	9.259226935564344
-3.834793491864831	10.018630469907784
-3.824780976220275	11.223463109218077
-3.8147684605757197	11.769343524106997
-3.8047559449311636	12.627726955671575
-3.7947434292866085	13.136619659421465
-3.7847309136420524	14.042143774910663
-3.774718397997497	14.494387445871995
-3.764705882352941	15.202454954598355
-3.754693366708385	16.159741816189257
-3.74468085106383	16.653994040926086
-3.734668335419274	17.030831576346497
-3.7246558197747186	17.490627502964603
-3.7146433041301625	17.812681385818276
-3.7046307884856065	17.81162703760214
-3.6946182728410513	18.128695744329754
-3.684605757196495	18.128916402102707
-3.67459324155194	18.3452618458442
-3.664580725907384	18.345551253232497
-3.6545682102628287	18.345848128261355
-3.6445556946182727	18.346152673800493
-3.6345431789737166	18.346465094251677
-3.6245306633291614	18.34678560009709
-3.6145181476846053	18.347114408117957
-3.60450563204005	18.34745174162181
-3.594493116395494	18.34779783067846
-3.584480600750939	18.348152912365137
-3.574468085106383	18.348517231021138
-3.5644555694618267	18.34889103851227
-3.5544430538172715	18.349274594505765
-3.5444305381727155	18.349668166756082
-3.5344180225281603	18.35007203140244
-3.524405506883604	18.350486473279187
-3.514392991239049	18.350911786239823
-3.504380475594493	18.35134827349675
-3.494367959949937	18.35179624797835
-3.4843554443053817	18.352256032706286
-3.4743429286608256	18.352727961196166
-3.4643304130162704	18.35321237788603
-3.4543178973717144	18.353709638597927
-3.444305381727159	18.35422011103977
-3.434292866082603	18.35474417535626
-3.424280350438047	18.35528222474002
-3.414267834793492	18.355834666117374
-3.4042553191489358	18.356401920926235
-3.3942428035043806	18.356984426008935
-3.3842302878598245	18.357582634647624
-3.3742177722152693	18.358197017777456
-3.3642052565707132	18.358828065420887
-3.354192740926157	18.359476288397065
-3.344180225281602	18.360142220373174
-3.334167709637046	18.36082642034026
-3.3241551939924907	18.36152947561499
-3.3141426783479346	18.362252005492895
-3.3041301627033794	18.362994665706218
-3.2941176470588234	18.363758153874873
-3.2841051314142673	18.36454321618069
-3.274092615769712	18.365350655546383
-3.264080100125156	18.366181341663204
-3.254067584480601	18.367036223286956
-3.2440550688360448	18.367916343316196
-3.2340425531914896	18.368822857283092
-3.2240300375469335	18.369757056036267
-3.2140175219023774	18.370720393590933
-3.2040050062578223	18.37171452139124
-3.193992490613266	18.372741330625384
-3.183979974968711	18.373803004853393
-3.173967459324155	18.374902086250785
-3.1639549436795997	18.376041560641006
-3.1539424280350437	18.377224970013987
-3.1439299123904876	18.37845656814845
-3.1339173967459324	18.379741548927054
-3.1239048811013763	18.3810864057051
-3.113892365456821	18.382499539657513
-3.103879849812265	18.383992355817952
-3.09386733416771	18.38558131012908
-3.083854818523154	18.387291671875523
-3.0738423028785977	18.389163514694147
-3.0638297872340425	18.391255753418804
-3.0538172715894865	18.39359342707874
-3.0438047559449313	18.394271638497788
-3.033792240300375	18.39618506029323
-3.02377972465582	18.403303659860992
-3.013767209011264	18.41830732826002
-3.003754693366708	18.44264558961898
-2.9937421777221527	18.46890904555213
-2.9837296620775966	18.49852687541065
-2.9737171464330414	18.53351911058466
-2.9637046307884853	18.589487411435915
-2.95369211514393	18.685925758382837
-2.943679599499374	18.804422222812388
-2.933667083854818	18.97605408584201
-2.923654568210263	19.27458338394674
-2.9136420525657067	19.488638706996397
-2.9036295369211516	19.66942286849382
-2.8936170212765955	19.913224540907073
-2.8836045056320403	20.24255141911856
-2.873591989987484	20.5614574121479
-2.863579474342928	20.914905260365032
-2.853566958698373	21.3699065665042
-2.843554443053817	21.88162180591199
-2.8335419274092617	22.350668174392474
-2.8235294117647056	22.87287244960524
-2.8135168961201504	23.409475442348924
-2.8035043804755944	23.95126898870891
-2.7934918648310383	24.431980111784547
-2.783479349186483	24.826800056961286
-2.773466833541927	25.16741006653449
-2.763454317897372	25.479090767049833
-2.7534418022528158	25.772419389774253
-2.7434292866082606	26.01136131922611
-2.7334167709637045	26.265205581135866
-2.7234042553191484	26.610832462043142
-2.7133917396745932	26.860253980330892
-2.703379224030037	27.058134041467717
-2.693366708385482	27.17144314504235
-2.683354192740926	27.091864332896236
-2.6733416770963707	26.80737921683067
-2.6633291614518146	26.486131477442438
-2.6533166458072586	26.19240933390393
-2.6433041301627034	25.901466743774098
-2.6332916145181473	25.542309607394504
-2.623279098873592	25.13510354121806
-2.613266583229036	24.667960841288544
-2.603254067584481	24.190432130986178
-2.593241551939925	23.63432741114346
-2.5832290362953687	23.088425467820624
-2.5732165206508135	22.637982445638634
-2.5632040050062574	22.172825887380196
-2.5531914893617023	21.700987285184617
-2.543178973717146	21.129463369098527
-2.533166458072591	20.517725240656784
-2.523153942428035	19.93954623931922
-2.513141426783479	19.45681300010087
-2.5031289111389237	18.949685613083695
-2.4931163954943676	18.489139558641554
-2.4831038798498124	18.109837980929232
-2.4730913642052563	17.616620749824968
-2.463078848560701	17.075397960945864
-2.453066332916145	16.49345934790073
-2.443053817271589	16.021052091961597
-2.433041301627034	15.663434847478076
-2.4230287859824777	15.344416713104838
-2.4130162703379225	15.043745039960871
-2.4030037546933665	14.72875053722423
-2.3929912390488113	14.454066989860245
-2.382978723404255	14.177967035204784
-2.372966207759699	13.987006799696527
-2.362953692115144	13.851759946830887
-2.352941176470588	13.714000695052667
-2.3429286608260327	13.555066158282392
-2.3329161451814766	13.409878554080306
-2.3229036295369214	13.327745260767621
-2.3128911138923653	13.269066329082845
-2.3028785982478093	13.230830309852474
-2.292866082603254	13.214002102004454
-2.282853566958698	13.159643318440228
-2.272841051314143	13.074899620623587
-2.2628285356695867	13.011984990109296
-2.2528160200250316	13.032324429148481
-2.2428035043804755	12.95157144852892
-2.2327909887359194	12.898917307233893
-2.2227784730913642	12.919626939742498
-2.212765957446808	12.963118418880397
-2.202753441802253	12.918798580815247
-2.192740926157697	12.956460994618116
-2.1827284105131417	12.91563829461738
-2.1727158948685856	12.874943446525062
-2.1627033792240296	12.99358564910046
-2.1526908635794744	13.210854667481913
-2.1426783479349183	13.318700583948699
-2.132665832290363	13.47578888379765
-2.122653316645807	13.887592337268922
-2.112640801001252	14.086831343079007
-2.1026282853566958	14.869809081806332
-2.0926157697121397	15.054452309088813
-2.0826032540675845	15.35604046181589
-2.0725907384230284	15.655773590861639
-2.0625782227784732	16.278125995695238
-2.052565707133917	16.571510588205907
-2.042553191489362	16.942190659719504
-2.032540675844806	17.185318468161977
-2.02252816020025	17.379640012785895
-2.0125156445556946	17.565913250429542
-2.0025031289111386	17.71961976359772
-1.9924906132665834	17.987502103744326
-1.9824780976220273	18.023790977314157
-1.9724655819774712	18.044497553372373
-1.962453066332916	18.07146362530092
-1.95244055068836	18.14021282306434
-1.9424280350438048	18.204113073933538
-1.9324155193992487	18.21269644821187
-1.9224030037546935	18.230834719323266
-1.9123904881101375	18.292676818585587
-1.9023779724655814	18.363634355192918
-1.8923654568210262	18.386550575841987
-1.8823529411764701	18.395692534714545
-1.872340425531915	18.464078103209456
-1.8623279098873589	18.574568171307657
-1.8523153942428037	18.676543723257872
-1.8423028785982476	18.84102835461416
-1.8322903629536915	18.974120103907953
-1.8222778473091363	19.141185026230275
-1.8122653316645803	19.368544529660603
-1.802252816020025	19.64296192052567
-1.792240300375469	19.99286342437236
-1.7822277847309138	20.37029458476839
-1.7722152690863577	20.75643097485893
-1.7622027534418017	21.171693965557562
-1.7521902377972465	21.64563438984272
-1.7421777221526904	22.168407003200073
-1.7321652065081352	22.707983071993734
-1.7221526908635791	23.300426470260916
-1.712140175219024	23.98008307174294
-1.7021276595744679	24.69323347215405
-1.6921151439299118	25.45739934449897
-1.6821026282853566	26.290558362547657
-1.6720901126408005	27.14693392659969
-1.6620775969962454	27.97238888011794
-1.6520650813516893	28.680727344471755
-1.642052565707134	29.297128960130145
-1.632040050062578	29.86893088930768
-1.622027534418022	30.4937715665008
-1.6120150187734668	31.11720393413486
-1.6020025031289107	31.599272673689313
-1.5919899874843555	32.008727484979495
-1.5819774718397994	32.35646308560315
-1.5719649561952442	32.579536616125544
-1.5619524405506882	32.69120966043083
-1.551939924906132	32.68618347741817
-1.541927409261577	32.48904369453685
-1.5319148936170208	32.130637029042546
-1.5219023779724656	31.647360991714898
-1.5118898623279096	31.187608891941906
-1.5018773466833544	30.781263020856475
-1.4918648310387983	30.30721532938378
-1.4818523153942422	29.731593898084416
-1.471839799749687	29.189336444999572
-1.461827284105131	28.696626479824378
-1.4518147684605758	28.322202575416412
-1.4418022528160197	28.030590965406763
-1.4317897371714645	27.935124363214168
-1.4217772215269084	27.93686764806407
-1.4117647058823524	28.065398718876498
-1.4017521902377972	28.311366008862038
-1.391739674593241	28.944291564125063
-1.381727158948686	29.86368055436259
-1.3717146433041298	30.79468288722693
-1.3617021276595747	31.939820395795547
-1.3516896120150186	33.288165564899444
-1.3416770963704625	35.11960505438938
-1.3316645807259073	36.38336986645947
-1.3216520650813512	37.7349347770283
-1.311639549436796	39.46709885205259
-1.30162703379224	40.65031424669003
-1.2916145181476848	41.816860809455825
-1.2816020025031287	43.12032009229123
-1.2715894868585726	44.24151488571875
-1.2615769712140175	45.37251796065414
-1.2515644555694614	46.431072239189284
-1.2415519399249062	47.409781592844745
-1.2315394242803501	48.452571732924575
-1.221526908635795	49.83732173096024
-1.2115143929912389	51.37377790438011
-1.2015018773466828	52.78219153218803
-1.1914893617021276	54.183043959573766
-1.1814768460575715	55.62989015737671
-1.1714643304130163	57.05165204885702
-1.1614518147684603	58.51263523357951
-1.151439299123905	59.9911413700846
-1.141426783479349	61.38036131651798
-1.131414267834793	62.82007575896002
-1.1214017521902377	64.3878691708174
-1.1113892365456817	65.93866544083194
-1.1013767209011265	67.38943536563178
-1.0913642052565704	68.70490949278317
-1.0813516896120152	69.97331371902114
-1.0713391739674591	71.13600813671133
-1.061326658322903	72.13810075987807
-1.0513141426783479	73.03997809431672
-1.0413016270337918	73.88938657051015
-1.0312891113892366	74.77264540122378
-1.0212765957446805	75.7046718138652
-1.0112640801001254	76.60408785267184
-1.0012515644555693	77.33005792157243
-0.9912390488110132	77.9065839888855
-0.981226533166458	78.42445582443514
-0.971214017521902	78.84779404176223
-0.9612015018773468	79.22489615707413
-0.9511889862327907	79.53618674739243
-0.9411764705882355	79.76106216993163
-0.9311639549436794	79.96364034231124
-0.9211514392991234	80.17704504374818
-0.9111389236545682	80.27804133176325
-0.9011264080100121	80.25673995706205
-0.8911138923654569	80.12585008135005
-0.8811013767209008	79.91679339423496
-0.8710888610763456	79.50313299150021
-0.8610763454317896	78.9029178511675
-0.8510638297872335	78.25441243116546
-0.8410513141426783	77.57208433955967
-0.8310387984981222	76.85625339461292
-0.821026282853567	76.07191456012998
-0.811013767209011	75.17615448806743
-0.8010012515644558	74.16807613886
-0.7909887359198997	73.04433579499513
-0.7809762202753436	71.73221622091472
-0.7709637046307884	70.32183934644918
-0.7609511889862324	68.8098202372077
-0.7509386733416772	67.37112518594853
-0.7409261576971211	66.14594932694743
-0.7309136420525659	64.91358608153726
-0.7209011264080099	63.48232984094696
-0.7108886107634538	61.78855516893106
-0.7008760951188986	59.82032930505374
-0.6908635794743425	57.51310560197276
-0.6808510638297873	54.77084922590076
-0.6708385481852313	51.70170084197094
-0.6608260325406761	48.77748822041781
-0.65081351689612	46.15928927665295
-0.6408010012515639	43.76913619140178
-0.6307884856070087	41.56819175890888
-0.6207759699624527	39.8032633070754
-0.6107634543178975	38.562597513885116
-0.6007509386733414	37.829817559713504
-0.5907384230287862	37.420094719969924
-0.5807259073842301	37.416466614233045
-0.5707133917396741	37.79216915194968
-0.5607008760951189	38.471452399336236
-0.5506883604505628	39.36656046669131
-0.5406758448060076	40.32432108274617
-0.5306633291614515	41.32683626985725
-0.5206508135168963	42.31554630089523
-0.5106382978723403	43.26588635329069
-0.5006257822277842	44.224378564569925
-0.490613266583229	45.27236845014062
-0.48060075093867294	46.36839771720153
-0.47058823529411775	47.41114473053745
-0.4605757196495617	48.35897152208518
-0.4505632040050065	49.19699068445007
-0.4405506883604504	49.92124991305476
-0.43053817271589434	50.60849405947765
-0.42052565707133915	51.26254787166555
-0.4105131414267831	51.80431916779765
-0.4005006257822279	52.231945633909206
-0.3904881101376718	52.64079718793439
-0.38047559449311663	53.0797126912725
-0.37046307884856056	53.524295961692026
-0.3604505632040045	53.93657456133319
-0.3504380475594493	54.285676834861974
-0.3404255319148932	54.56703380301773
-0.33041301627033803	54.83522753160907
-0.32040050062578196	55.097696896114336
-0.3103879849812259	55.265346324547764
-0.3003754693366707	55.28879749302887
-0.2903629536921146	55.16938380653405
-0.28035043804755944	54.900487368792014
-0.27033792240300336	54.481523541754036
-0.2603254067584482	53.95024974782254
-0.2503128911138921	53.33741472102359
-0.24030037546933602	52.65882734477552
-0.23028785982478084	51.973337873623905
-0.22027534418022476	51.391004654551494
-0.21026282853566958	50.98422991729084
-0.2002503128911135	50.75948427564901
-0.19023779724655832	50.70849426854567
-0.18022528160200224	50.78530016554996
-0.17021276595744617	50.89130578616437
-0.16020025031289098	50.918869592849894
-0.1501877346683349	50.81694734366954
-0.14017521902377972	50.66072924347464
-0.13016270337922364	50.555775933491795
-0.12015018773466846	50.51850151677774
-0.11013767209011238	50.5166952849935
-0.10012515644555631	50.519594385637525
-0.09011264080100112	50.47763099677153
-0.08010012515644505	50.33710234573787
-0.07008760951188986	50.10484561541837
-0.060075093867333784	49.84332889170591
-0.0500625782227786	49.620465012434074
-0.04005006257822252	49.4787115122797
-0.030037546933666448	49.414081697034455
-0.02002503128911126	49.415313134639845
-0.010012515644555187	49.466427165363456
0.0	49.51023798936881
