-8.0	5.658796695467146
-7.989987484355444	5.692524487060022
-7.979974968710889	5.725168072233829
-7.969962453066333	5.756190544843513
-7.9599499374217775	5.789986705224799
-7.949937421777221	5.834104336033793
-7.939924906132666	5.893699514831057
-7.92991239048811	5.966042595220284
-7.919899874843554	6.039689314295406
-7.909887359198999	6.100643169834742
-7.899874843554443	6.142934211362366
-7.889862327909888	6.1758568457706255
-7.8798498122653315	6.220052159709297
-7.869837296620776	6.2928666351290925
-7.85982478097622	6.393662217546426
-7.849812265331664	6.501122434118602
-7.839799749687109	6.585073764396639
-7.829787234042553	6.624136167103707
-7.819774718397998	6.616976371985277
-7.809762202753442	6.580377247271483
-7.7997496871088865	6.53677477655731
-7.78973717146433	6.500731821425271
-7.779724655819774	6.473406232782732
-7.769712140175219	6.447067584187483
-7.759699624530663	6.4141314186990765
-7.749687108886108	6.373257067311863
-7.739674593241552	6.329443963054456
-7.729662077596997	6.290590861766802
-7.719649561952441	6.264285060681867
-7.7096370463078845	6.255690818968819
-7.699624530663329	6.265188607299138
-7.689612015018773	6.286148384316555
-7.679599499374218	6.305857449181147
-7.669586983729662	6.310947901567847
-7.659574468085107	6.293739632298764
-7.649561952440551	6.2545768699205855
-7.639549436795995	6.199514463495894
-7.629536921151439	6.136405980178407
-7.619524405506883	6.071516927283868
-7.609511889862328	6.006980798694117
-7.599499374217772	5.939922946171046
-7.589486858573217	5.864308947895151
-7.579474342928661	5.774601357263063
-7.569461827284105	5.668721359010429
-7.55944931163955	5.548751044095689
-7.5494367959949935	5.419781027026731
-7.539424280350438	5.288148303943244
-7.529411764705882	5.1599271649190115
-7.519399249061326	5.039993490234053
-7.509386733416771	4.931576270166111
-7.499374217772215	4.83563054331923
-7.48936170212766	4.749365514581879
-7.479349186483104	4.664902761931976
-7.4693366708385485	4.57067487574868
-7.459324155193992	4.456467432983399
-7.449311639549437	4.318644311593731
-7.439299123904881	4.160775496251946
-7.429286608260325	3.989511111383242
-7.41927409261577	3.810686633285324
-7.409261576971214	3.629386250461815
-7.399249061326659	3.4518877477521723
-7.3892365456821025	3.2852877037112953
-7.3792240300375465	3.1346745240655074
-7.369211514392991	3.0014819022360535
-7.359198998748435	2.884720523441831
-7.34918648310388	2.7825371991416126
-7.339173967459324	2.6915553486215518
-7.329161451814769	2.605692544373765
-7.319148936170213	2.518043204174997
-7.3091364205256575	2.425455430733119
-7.299123904881101	2.3309679661336595
-7.289111389236545	2.2411416029747384
-7.27909887359199	2.161272893862139
-7.269086357947434	2.093289385996417
-7.259073842302879	2.0371349672901014
-7.249061326658323	1.9929889465178887
-7.239048811013767	1.9621646357610294
-7.2290362953692116	1.9460622210835636
-7.2190237797246555	1.943336485860393
-7.2090112640801	1.9471367982939711
-7.198998748435544	1.9459657856628227
-7.188986232790989	1.929590770995151
-7.178973717146433	1.8960927448395957
-7.168961201501878	1.8537877907665583
-7.158948685857322	1.816071370440516
-7.148936170212766	1.7937799453980856
-7.13892365456821	1.7912777857882254
-7.128911138923654	1.8079874895117862
-7.118898623279099	1.8419379951379218
-7.108886107634543	1.8912048485132897
-7.098873591989987	1.952587154344437
-7.088861076345432	2.0203251050822186
-7.078848560700876	2.087552514632726
-7.068836045056321	2.14980349200467
-7.0588235294117645	2.2071242839048426
-7.048811013767209	2.2625246076753456
-7.038798498122653	2.318364408651258
-7.028785982478098	2.374262033491407
-7.018773466833542	2.4281571105337747
-7.008760951188986	2.4790719564192307
-6.998748435544431	2.529238989701896
-6.988735919899875	2.584218213641047
-6.9787234042553195	2.65047950283835
-6.968710888610763	2.7310945951865344
-6.958698372966207	2.8224956794938287
-6.948685857321652	2.915986119561158
-6.938673341677096	3.003888368273487
-6.928660826032541	3.085074333631685
-6.918648310387985	3.164543890319974
-6.908635794743429	3.24733012523102
-6.8986232790988735	3.3323630652409455
-6.888610763454318	3.411897957723958
-6.878598247809762	3.477018516758872
-6.868585732165206	3.5241863922668335
-6.858573216520651	3.5570053049953114
-6.848560700876095	3.5821722758708923
-6.83854818523154	3.6040062844162355
-6.828535669586984	3.6224455240133
-6.818523153942428	3.635116231758995
-6.808510638297872	3.6400426391667207
-6.798498122653316	3.6359079143013795
-6.788485607008761	3.620591250759899
-6.778473091364205	3.591188022310456
-6.768460575719649	3.5466877194656155
-6.758448060075094	3.4906055879157525
-6.748435544430539	3.4301859541045854
-6.7384230287859825	3.3720304583323473
-6.7284105131414265	3.317483765917879
-6.718397997496871	3.2616594256690643
-6.708385481852315	3.1970985245293426
-6.69837296620776	3.1189458826473273
-6.688360450563204	3.027330380195941
-6.678347934918648	2.925928886295618
-6.668335419274093	2.8193950833658996
-6.658322903629537	2.7120429623269025
-6.648310387984981	2.6075577835573656
-6.638297872340425	2.5087837328605294
-6.628285356695869	2.4176631985096035
-6.618272841051314	2.3354638508307093
-6.608260325406759	2.262844669626521
-6.598247809762203	2.199958284891667
-6.588235294117647	2.1475772210789836
-6.578222778473092	2.108794276113204
-6.5682102628285355	2.0884746415314472
-6.55819774718398	2.088628818406945
-6.548185231539424	2.1029461352768237
-6.538172715894868	2.116922798065868
-6.528160200250313	2.1157814700251314
-6.518147684605757	2.0943310416812513
-6.508135168961202	2.06036474056847
-6.498122653316646	2.0290916073960417
-6.4881101376720896	2.0138336900918143
-6.478097622027534	2.0204281077063952
-6.468085106382979	2.048503937118252
-6.458072590738423	2.096542520431529
-6.448060075093867	2.1649619612718025
-6.438047559449312	2.254609125304039
-6.428035043804756	2.3633355649827177
-6.418022528160201	2.484913770661002
-6.4080100125156445	2.611355061770342
-6.397997496871088	2.736283177370297
-6.387984981226533	2.8570530325929036
-6.377972465581977	2.9752529125277096
-6.367959949937422	3.095915347651031
-6.357947434292866	3.2253222244032065
-6.34793491864831	3.3678516418588424
-6.337922403003755	3.523657201129123
-6.3279098873591995	3.6889322994669778
-6.317897371714643	3.858636436787564
-6.307884856070087	4.029497482121363
-6.297872340425532	4.200545717056763
-6.287859824780976	4.370313413064231
-6.277847309136421	4.533437424246731
-6.267834793491865	4.681267935413995
-6.257822277847309	4.8078436785178935
-6.2478097622027535	4.916381389900078
-6.2377972465581975	5.019256895367962
-6.227784730913642	5.129830643817496
-6.217772215269086	5.252169946133003
-6.20775969962453	5.37666786764396
-6.197747183979975	5.484287321210368
-6.18773466833542	5.55580277412353
-6.177722152690864	5.5806883080428085
-6.167709637046308	5.562173467629843
-6.157697121401752	5.516341116766379
-6.147684605757196	5.464362638224775
-6.137672090112641	5.421234444482561
-6.127659574468085	5.388947736458327
-6.117647058823529	5.359555873516408
-6.107634543178974	5.324456551645913
-6.097622027534418	5.280697547151944
-6.0876095118898625	5.229651730231948
-6.0775969962453065	5.171842864018333
-6.06758448060075	5.104369399735183
-6.057571964956195	5.022809179020704
-6.04755944931164	4.924158229586235
-6.037546933667084	4.807253782606543
-6.027534418022528	4.671413315072869
-6.017521902377973	4.51657218301971
-6.007509386733417	4.34574286682816
-5.997496871088861	4.167015689657996
-5.987484355444305	3.99244109044049
-5.977471839799749	3.833961699345049
-5.967459324155194	3.6983465461128833
-5.957446808510639	3.583438108511039
-5.947434292866083	3.4781812424054364
-5.937421777221527	3.3676969847544687
-5.927409261576971	3.2412664668723585
-5.9173967459324155	3.0982891384640054
-5.90738423028786	2.9480655185254174
-5.897371714643304	2.803186801748645
-5.887359198998748	2.6709254661488
-5.877346683354192	2.5492658924805114
-5.867334167709637	2.4310841586527827
-5.857321652065082	2.3126052206038863
-5.847309136420526	2.197973884624442
-5.83729662077597	2.0960971869915492
-5.827284105131414	2.013843774210911
-5.817271589486858	1.951777888425791
-5.807259073842303	1.9041918238490407
-5.797246558197747	1.8616555487463289
-5.787234042553191	1.814692401318839
-5.777221526908636	1.7576659104434322
-5.767209011264081	1.690839269559081
-5.7571964956195245	1.6189891924030102
-5.747183979974968	1.5478103917313861
-5.737171464330412	1.480953818169091
-5.727158948685857	1.4188793509310067
-5.717146433041302	1.358665978311613
-5.707133917396746	1.294427713071499
-5.69712140175219	1.2194175017300968
-5.687108886107635	1.1300506468926184
-5.677096370463079	1.0294932308449525
-5.667083854818523	0.927753272605754
-5.657071339173967	0.8377300538139504
-5.647058823529411	0.7697692892453449
-5.637046307884856	0.72802968484424
-5.627033792240301	0.710355812888115
-5.617021276595745	0.7111128683187058
-5.607008760951189	0.7248752391453142
-5.596996245306633	0.748629744541987
-5.5869837296620775	0.7815701314610263
-5.576971214017522	0.823703231563471
-5.566958698372966	0.8751643324851095
-5.55694618272841	0.9364881667545187
-5.546933667083855	1.0083747635288625
-5.536921151439299	1.0902005182125059
-5.526908635794744	1.1785318108338967
-5.516896120150188	1.2672314564375187
-5.5068836045056315	1.3491462429388859
-5.496871088861076	1.4182039527999954
-5.486858573216521	1.47115071314966
-5.476846057571965	1.508801763170311
-5.466833541927409	1.5363710718942156
-5.456821026282853	1.5619831894836174
-5.446808510638298	1.5932993255589212
-5.4367959949937426	1.6339609699921416
-5.4267834793491865	1.6821066076288707
-5.41677096370463	1.7315755244377795
-5.406758448060075	1.774588812672692
-5.396745932415519	1.804726627950627
-5.386733416770964	1.8196943405354917
-5.376720901126408	1.822801719621603
-5.366708385481852	1.821600881302939
-5.356695869837297	1.8238739433462752
-5.346683354192741	1.8337343035050255
-5.336670838548185	1.8507908262227217
-5.326658322903629	1.87257310481105
-5.316645807259073	1.8974408806411374
-5.306633291614518	1.9251034676262557
-5.296620775969963	1.9548477066375356
-5.286608260325407	1.9841077764038602
-5.276595744680851	2.009051769612562
-5.2665832290362955	2.026200376277487
-5.256570713391739	2.0335270985412617
-5.246558197747184	2.0308776627818816
-5.236545682102628	2.0199245241304453
-5.226533166458072	2.003164337772322
-5.216520650813517	1.982131847172
-5.206508135168962	1.956621646847928
-5.196495619524406	1.9261814209860766
-5.18648310387985	1.8924387596766048
-5.1764705882352935	1.8595122216317985
-5.166458072590738	1.8315180893436298
-5.156445556946183	1.8090475224149696
-5.146433041301627	1.7879305605321942
-5.136420525657071	1.7621959507287703
-5.126408010012516	1.7291894961622176
-5.11639549436796	1.6918183493734622
-5.1063829787234045	1.654936850147525
-5.0963704630788484	1.6187293448424995
-5.086357947434292	1.5753611774261895
-5.076345431789737	1.512505781020175
-5.066332916145182	1.4213994790590656
-5.056320400500626	1.3033053756538306
-5.04630788485607	1.1697289931050505
-5.036295369211514	1.0368599095314754
-5.026282853566959	0.9187125786953615
-5.016270337922403	0.8229260091141392
-5.006257822277847	0.7498099807852427
-4.996245306633291	0.6932123255201447
-4.986232790988735	0.6425523788373354
-4.97622027534418	0.5865248341308603
-4.966207759699625	0.518077409276218
-4.956195244055069	0.4380648579043027
-4.946182728410513	0.3546112028288762
-4.9361702127659575	0.27815978782355705
-4.926157697121402	0.2158094484681319
-4.916145181476846	0.1688909688035506
-4.90613266583229	0.13454594790092533
-4.896120150187734	0.1089019049408271
-4.886107634543179	0.08915740377245618
-4.876095118898624	0.07380380139941162
-4.866082603254068	0.06188061304543573
-4.8560700876095115	0.052377429833208596
-4.8460575719649555	0.044211112265925466
-4.8360450563204	0.03657993587707757
-4.826032540675845	0.029277006594735387
-4.816020025031289	0.022639044893911747
-4.806007509386733	0.017120324729191526
-4.795994993742178	0.012844871976265175
-4.785982478097623	0.009533653598178243
-4.7759699624530665	0.006809395180987574
-4.76595744680851	0.004502067475936151
-4.755944931163954	0.0026645249569341974
-4.745932415519399	0.0013805223119743447
-4.735919899874844	0.0006181200136040466
-4.725907384230288	0.00023751006515062412
-4.715894868585732	7.803559546452242e-05
-4.705882352941176	2.1882321927005302e-05
-4.6958698372966206	5.232011769264817e-06
-4.685857321652065	1.0661206121323634e-06
-4.675844806007509	1.8509623892316283e-07
-4.665832290362953	2.7377055831940126e-08
-4.655819774718398	3.4494126630644873e-09
-4.645807259073843	3.702184845173026e-10
-4.635794743429287	3.3846829008489803e-11
-4.625782227784731	2.6358512842071594e-12
-4.615769712140175	1.748496731784019e-13
-4.605757196495619	9.879812580990787e-15
-4.595744680851064	4.755235245217037e-16
-4.585732165206508	1.9495503085537084e-17
-4.575719649561952	6.8082560613049855e-19
-4.565707133917396	2.0252387836258742e-20
-4.555694618272841	5.131631596495697e-22
-4.545682102628286	1.1075760751984381e-23
-4.53566958698373	2.036247253320053e-25
-4.5256570713391735	3.1887928070045076e-27
-4.515644555694618	4.253641983257687e-29
-4.505632040050063	4.833195987719026e-31
-4.495619524405507	4.677854597344322e-33
-4.485607008760951	3.8565402628931443e-35
-4.475594493116395	2.708244440422391e-37
-4.46558197747184	1.620006248648788e-39
-4.4555694618272845	8.254378094614555e-42
-4.4455569461827285	3.5825384910168645e-44
-4.435544430538172	1.324451962598276e-46
-4.425531914893616	4.170809903468406e-49
-4.415519399249061	1.1187767174439491e-51
-4.405506883604506	2.5562615190065213e-54
-4.39549436795995	4.9751477613208887e-57
-4.385481852315394	8.247940589029683e-60
-4.375469336670839	1.164726356197704e-62
-4.365456821026283	1.4010096317141036e-65
-4.355444305381727	1.4354801049090455e-68
-4.345431789737171	1.2528297951348432e-71
-4.335419274092615	9.31377640760204e-75
-4.32540675844806	5.897913258689233e-78
-4.315394242803505	3.1813378545477814e-81
-4.305381727158949	1.4617060485916135e-84
-4.295369211514393	5.720699478465636e-88
-4.285356695869837	1.9071157925491222e-91
-4.275344180225281	5.4155657127461984e-95
-4.265331664580726	1.309934065243796e-98
-4.25531914893617	2.698944048773896e-102
-4.245306633291614	4.736714024898085e-106
-4.235294117647059	7.08107653067628e-110
-4.225281602002504	9.016962215464762e-114
-4.215269086357948	9.780477319493259e-118
-4.2052565707133915	9.036467472019001e-122
-4.1952440550688355	7.111744863975732e-126
-4.18523153942428	4.767519573912057e-130
-4.175219023779725	2.7223730738474943e-134
-4.165206508135169	1.3241635693503425e-138
-4.155193992490613	5.486235788101374e-143
-4.145181476846057	1.9361818344227678e-147
-4.135168961201502	5.820451200221887e-152
-4.1251564455569465	1.4904108462245124e-156
-4.11514392991239	3.250829493457011e-161
-4.105131414267834	6.039781381297658e-166
-4.095118898623279	9.558441478399131e-171
-4.085106382978723	1.2885218602358296e-175
-4.075093867334168	1.4795693807227267e-180
-4.065081351689612	1.4471638927689661e-185
-4.055068836045056	1.2056991093247025e-190
-4.045056320400501	8.556556075020516e-196
-4.035043804755945	5.1724690464214614e-201
-4.025031289111389	2.663395360012722e-206
-4.015018773466833	1.1681865887593161e-211
-4.005006257822277	4.364431004233446e-217
-3.994993742177722	4.540301218651011e-221
-3.9849812265331668	1.3240523473021155e-215
-3.9749687108886107	3.392794443147225e-210
-3.9649561952440546	7.405404396153734e-205
-3.9549436795994994	1.376825338053018e-199
-3.9449311639549434	2.1804581667285245e-194
-3.934918648310388	2.9414096090392777e-189
-3.924906132665832	3.379886322097752e-184
-3.914893617021277	3.308167716905924e-179
-3.904881101376721	2.7581112751503876e-174
-3.8948685857321648	1.958731406738559e-169
-3.8848560700876096	1.1848867120039709e-164
-3.8748435544430535	6.105449030802553e-160
-3.8648310387984983	2.67976820409861e-155
-3.8548185231539422	1.0018799570281624e-150
-3.844806007509387	3.190604592308438e-146
-3.834793491864831	8.655040855300189e-142
-3.824780976220275	1.9998807377061327e-137
-3.8147684605757197	3.936206837419405e-133
-3.8047559449311636	6.599188962734161e-129
-3.7947434292866085	9.424147090617303e-125
-3.7847309136420524	1.1463899930330182e-120
-3.774718397997497	1.1878498734216096e-116
-3.764705882352941	1.0484061597739477e-112
-3.754693366708385	7.881999644491967e-109
-3.74468085106383	5.047567051598016e-105
-3.734668335419274	2.7533829672647272e-101
-3.7246558197747186	1.2793518015396478e-97
-3.7146433041301625	5.063516008962997e-94
-3.7046307884856065	1.707077462299901e-90
-3.6946182728410513	4.902223512679395e-87
-3.684605757196495	1.1991453495509449e-83
-3.67459324155194	2.4985577118730548e-80
-3.664580725907384	4.434511462560995e-77
-3.6545682102628287	6.7041082356506086e-74
-3.6445556946182727	8.633265389192027e-71
-3.6345431789737166	9.469956945897628e-68
-3.6245306633291614	8.848298320468748e-65
-3.6145181476846053	7.042232304715518e-62
-3.60450563204005	4.774190857660856e-59
-3.594493116395494	2.7569446384036896e-56
-3.584480600750939	1.3561107307035081e-53
-3.574468085106383	5.681998288789958e-51
-3.5644555694618267	2.027896957032165e-48
-3.5544430538172715	6.164949271191298e-46
-3.5444305381727155	1.5964376809067004e-43
-3.5344180225281603	3.5213830657824634e-41
-3.524405506883604	6.616272923213585e-39
-3.514392991239049	1.05889376434769e-36
-3.504380475594493	1.4435446077608807e-34
-3.494367959949937	1.6762811664521923e-32
-3.4843554443053817	1.658068089978501e-30
-3.4743429286608256	1.3970009316417902e-28
-3.4643304130162704	1.0026050068128085e-26
-3.4543178973717144	6.129173020459831e-25
-3.444305381727159	3.191631422903693e-23
-3.434292866082603	1.4156712817311101e-21
-3.424280350438047	5.3487333888980157e-20
-3.414267834793492	1.7213862050107479e-18
-3.4042553191489358	4.7189407515402834e-17
-3.3942428035043806	1.1019187419268967e-15
-3.3842302878598245	2.1917623069241113e-14
-3.3742177722152693	3.71343799503753e-13
-3.3642052565707132	5.359172526541288e-12
-3.354192740926157	6.58806899778576e-11
-3.344180225281602	6.89854304207749e-10
-3.334167709637046	6.153121014995236e-09
-3.3241551939924907	4.674900519094301e-08
-3.3141426783479346	3.0254371090441585e-07
-3.3041301627033794	1.6677952179864106e-06
-3.2941176470588234	7.831341415954202e-06
-3.2841051314142673	3.1323366412299446e-05
-3.274092615769712	0.00010671845867351223
-3.264080100125156	0.0003097059183008306
-3.254067584480601	0.0007655936877275461
-3.2440550688360448	0.0016120786276456486
-3.2340425531914896	0.002891438190099972
-3.2240300375469335	0.004417588906082383
-3.2140175219023774	0.005749363810412035
-3.2040050062578223	0.006375517080042551
-3.193992490613266	0.006030755049376329
-3.183979974968711	0.004894974451780191
-3.173967459324155	0.0035121539708229733
-3.1639549436795997	0.002540064417053251
-3.1539424280350437	0.0025808935376254337
-3.1439299123904876	0.004182447076990035
-3.1339173967459324	0.007847277526808128
-3.1239048811013763	0.013846776057062016
-3.113892365456821	0.021874554211884716
-3.103879849812265	0.030869351513810577
-3.09386733416771	0.03936781454380783
-3.083854818523154	0.04636917719789371
-3.0738423028785977	0.0521921074862423
-3.0638297872340425	0.058724327157896564
-3.0538172715894865	0.0689460426142376
-3.0438047559449313	0.08604574239556531
-3.033792240300375	0.11231795308102406
-3.02377972465582	0.1478557125709581
-3.013767209011264	0.18961532242726908
-3.003754693366708	0.23209955003155636
-2.9937421777221527	0.2701328454291611
-2.9837296620775966	0.30218741831810103
-2.9737171464330414	0.3317806233952378
-2.9637046307884853	0.3658581696115877
-2.95369211514393	0.41124723822024983
-2.943679599499374	0.4712664963531002
-2.933667083854818	0.5443128128590162
-2.923654568210263	0.6252874004221257
-2.9136420525657067	0.7091081406263814
-2.9036295369211516	0.7938821381905177
-2.8936170212765955	0.8812940333720999
-2.8836045056320403	0.9741184217704172
-2.873591989987484	1.0734719056357744
-2.863579474342928	1.1785499630570486
-2.853566958698373	1.288807136493039
-2.843554443053817	1.405738666995245
-2.8335419274092617	1.5316388019770513
-2.8235294117647056	1.665899704540997
-2.8135168961201504	1.802406005136744
-2.8035043804755944	1.9311146339670484
-2.7934918648310383	2.043172002615426
-2.783479349186483	2.1357209179897176
-2.773466833541927	2.2129990044088275
-2.763454317897372	2.28333427667779
-2.7534418022528158	2.3541204984379154
-2.7434292866082606	2.4275760669288
-2.7334167709637045	2.499471381048918
-2.7234042553191484	2.5613484740140455
-2.7133917396745932	2.604717800495874
-2.703379224030037	2.624801874083496
-2.693366708385482	2.622208828897347
-2.683354192740926	2.6021807418784006
-2.6733416770963707	2.571736216707051
-2.6633291614518146	2.5359413641673
-2.6533166458072586	2.495898753664166
-2.6433041301627034	2.4504951664981753
-2.6332916145181473	2.400435919300376
-2.623279098873592	2.3502906048124195
-2.613266583229036	2.306120523678532
-2.603254067584481	2.270813353750095
-2.593241551939925	2.241124132273174
-2.5832290362953687	2.2081887540565788
-2.5732165206508135	2.1605643147631923
-2.5632040050062574	2.0883966975487374
-2.5531914893617023	1.987719728981648
-2.543178973717146	1.8631684055387931
-2.533166458072591	1.726798677837271
-2.523153942428035	1.5927117515451368
-2.513141426783479	1.470730874772225
-2.5031289111389237	1.3633155625596787
-2.4931163954943676	1.266861734420079
-2.4831038798498124	1.1752636704615074
-2.4730913642052563	1.0834196790982393
-2.463078848560701	0.9896831301479906
-2.453066332916145	0.896463824334478
-2.443053817271589	0.808268815783124
-2.433041301627034	0.7282580751878254
-2.4230287859824777	0.6561765640902809
-2.4130162703379225	0.5895327144739967
-2.4030037546933665	0.5268521116279617
-2.3929912390488113	0.46993843568964405
-2.382978723404255	0.4229504719892059
-2.372966207759699	0.38877261855995604
-2.362953692115144	0.36553811955968496
-2.352941176470588	0.34640187109819603
-2.3429286608260327	0.32323222170266636
-2.3329161451814766	0.2915453832087623
-2.3229036295369214	0.2528115442340937
-2.3128911138923653	0.21258927071957445
-2.3028785982478093	0.1765524688515413
-2.292866082603254	0.14772916314796136
-2.282853566958698	0.1263245692377893
-2.272841051314143	0.11097250051968446
-2.2628285356695867	0.099721997139518
-2.2528160200250316	0.09033985049827822
-2.2428035043804755	0.08064873185764661
-2.2327909887359194	0.06937285248637741
-2.2227784730913642	0.05691294360600856
-2.212765957446808	0.0451271837181275
-2.202753441802253	0.03606883156809453
-2.192740926157697	0.030647048480777574
-2.1827284105131417	0.028195370506943578
-2.1727158948685856	0.02711145711742601
-2.1627033792240296	0.025963536222166718
-2.1526908635794744	0.024253848726372415
-2.1426783479349183	0.02237360255592698
-2.132665832290363	0.020913243632798527
-2.122653316645807	0.01996176697494152
-2.112640801001252	0.018968841869182112
-2.1026282853566958	0.01723112339565548
-2.0926157697121397	0.014546291764206947
-2.0826032540675845	0.011462537565134429
-2.0725907384230284	0.00891808420504541
-2.0625782227784732	0.007602702339715774
-2.052565707133917	0.0076058598522690075
-2.042553191489362	0.008647311485345246
-2.032540675844806	0.010664847354211143
-2.02252816020025	0.014195857767306346
-2.0125156445556946	0.020127465608608043
-2.0025031289111386	0.028944052960048084
-1.9924906132665834	0.04012052309102318
-1.9824780976220273	0.05228682855337909
-1.9724655819774712	0.06418146142827455
-1.962453066332916	0.07573237964842659
-1.95244055068836	0.08842322563390227
-1.9424280350438048	0.10455424896963894
-1.9324155193992487	0.12579968471248004
-1.9224030037546935	0.15213741051376187
-1.9123904881101375	0.1822353540204095
-1.9023779724655814	0.21532443732615533
-1.8923654568210262	0.2530167719643947
-1.8823529411764701	0.2991224755145774
-1.872340425531915	0.3572880942821239
-1.8623279098873589	0.4286316849962532
-1.8523153942428037	0.5117097789792207
-1.8423028785982476	0.6047545714645294
-1.8322903629536915	0.7078132388385149
-1.8222778473091363	0.8225594788488119
-1.8122653316645803	0.9497717048784351
-1.802252816020025	1.0867232270828475
-1.792240300375469	1.2271341095212012
-1.7822277847309138	1.3642927775395977
-1.7722152690863577	1.4950608442822346
-1.7622027534418017	1.621684466261338
-1.7521902377972465	1.7504285312945973
-1.7421777221526904	1.8883370584036308
-1.7321652065081352	2.0397512054528955
-1.7221526908635791	2.2037071660853433
-1.712140175219024	2.3733079202928473
-1.7021276595744679	2.5377300417706667
-1.6921151439299118	2.6860837059037737
-1.6821026282853566	2.8110948609545487
-1.6720901126408005	2.910556280787357
-1.6620775969962454	2.9857303802221056
-1.6520650813516893	3.0380721888475493
-1.642052565707134	3.0673445381898645
-1.632040050062578	3.0731463404570234
-1.622027534418022	3.058352846194887
-1.6120150187734668	3.030857333066192
-1.6020025031289107	3.0018050389064923
-1.5919899874843555	2.9814956834486672
-1.5819774718397994	2.9748012562683694
-1.5719649561952442	2.977539579474195
-1.5619524405506882	2.9760820498156617
-1.551939924906132	2.952225985921825
-1.541927409261577	2.8914060224918465
-1.5319148936170208	2.788593779669726
-1.5219023779724656	2.6482968255992745
-1.5118898623279096	2.4806146959485855
-1.5018773466833544	2.2972251186317756
-1.4918648310387983	2.108565197480486
-1.4818523153942422	1.9218448168968272
-1.471839799749687	1.740600629505297
-1.461827284105131	1.566313046928768
-1.4518147684605758	1.4003150047033777
-1.4418022528160197	1.2440300759756069
-1.4317897371714645	1.0983662984652807
-1.4217772215269084	0.9642386649425603
-1.4117647058823524	0.843854692096913
-1.4017521902377972	0.7406658518169293
-1.391739674593241	0.6575541161271006
-1.381727158948686	0.5951455998711926
-1.3717146433041298	0.551880767592122
-1.3617021276595747	0.5254647306237306
-1.3516896120150186	0.5142382983211536
-1.3416770963704625	0.5175764337473248
-1.3316645807259073	0.535452009559493
-1.3216520650813512	0.5678078101921761
-1.311639549436796	0.6142843512815942
-1.30162703379224	0.6743455863314891
-1.2916145181476848	0.7472042522005603
-1.2816020025031287	0.830864825937485
-1.2715894868585726	0.9206228040110249
-1.2615769712140175	1.008697944866468
-1.2515644555694614	1.0864990872866789
-1.2415519399249062	1.1487567197921749
-1.2315394242803501	1.1965648393222854
-1.221526908635795	1.2368141017597079
-1.2115143929912389	1.2781810809283407
-1.2015018773466828	1.3261410433093506
-1.1914893617021276	1.379998054288519
-1.1814768460575715	1.4338469904266602
-1.1714643304130163	1.4808602851459858
-1.1614518147684603	1.517678820499656
-1.151439299123905	1.545813315212394
-1.141426783479349	1.569939523895596
-1.131414267834793	1.5950518793132293
-1.1214017521902377	1.6237792524137553
-1.1113892365456817	1.6543466270662466
-1.1013767209011265	1.6804116476982613
-1.0913642052565704	1.6940975537137515
-1.0813516896120152	1.691074013523055
-1.0713391739674591	1.6737769123590975
-1.061326658322903	1.649798799471851
-1.0513141426783479	1.6271596816998737
-1.0413016270337918	1.6111521864370453
-1.0312891113892366	1.6045438732949762
-1.0212765957446805	1.6081530568378393
-1.0112640801001254	1.6193659803304625
-1.0012515644555693	1.6309804538612807
-0.9912390488110132	1.6339632815092822
-0.981226533166458	1.6231805510550885
-0.971214017521902	1.601259757468657
-0.9612015018773468	1.5771030702995532
-0.9511889862327907	1.559965910047326
-0.9411764705882355	1.5533984540607353
-0.9311639549436794	1.5535995195583594
-0.9211514392991234	1.5533822758311477
-0.9111389236545682	1.5482964861586808
-0.9011264080100121	1.5399911119742282
-0.8911138923654569	1.5349396506259165
-0.8811013767209008	1.5403313374506131
-0.8710888610763456	1.559916620039287
-0.8610763454317896	1.5918137048285796
-0.8510638297872335	1.6293744757772948
-0.8410513141426783	1.6646982583616814
-0.8310387984981222	1.6924014065394095
-0.821026282853567	1.7111032530701558
-0.811013767209011	1.7225509289852774
-0.8010012515644558	1.7303242127099112
-0.7909887359198997	1.739059541512349
-0.7809762202753436	1.7532962059564443
-0.7709637046307884	1.7757766662992287
-0.7609511889862324	1.8069898444235382
-0.7509386733416772	1.846941559925261
-0.7409261576971211	1.8969787286550133
-0.7309136420525659	1.9588330058232442
-0.7209011264080099	2.0316239900040354
-0.7108886107634538	2.1107225004119203
-0.7008760951188986	2.1905557711750068
-0.6908635794743425	2.2688782239304763
-0.6808510638297873	2.3485053541076235
-0.6708385481852313	2.4351850335801326
-0.6608260325406761	2.533288580357608
-0.65081351689612	2.64192053387687
-0.6408010012515639	2.75382821343578
-0.6307884856070087	2.858590828327135
-0.6207759699624527	2.949116865063127
-0.6107634543178975	3.0274955213443655
-0.6007509386733414	3.1057228141506776
-0.5907384230287862	3.1999546200396956
-0.5807259073842301	3.321523182209114
-0.5707133917396741	3.470625615629
-0.5607008760951189	3.6372131038267703
-0.5506883604505628	3.808455555091659
-0.5406758448060076	3.9768679943146577
-0.5306633291614515	4.142837173233614
-0.5206508135168963	4.310581046709772
-0.5106382978723403	4.481945516524322
-0.5006257822277842	4.652862181846853
-0.490613266583229	4.814091638375976
-0.48060075093867294	4.955091519655671
-0.47058823529411775	5.068605317953368
-0.4605757196495617	5.153269225170476
-0.4505632040050065	5.212755084277668
-0.4405506883604504	5.2527156158366095
-0.43053817271589434	5.27859129061937
-0.42052565707133915	5.295921195023373
-0.4105131414267831	5.311475882500579
-0.4005006257822279	5.332093948383295
-0.3904881101376718	5.3606374599669735
-0.38047559449311663	5.392633628684448
-0.37046307884856056	5.418122214564511
-0.3604505632040045	5.428978205738756
-0.3504380475594493	5.426247925274136
-0.3404255319148932	5.420899465095518
-0.33041301627033803	5.426806011694228
-0.32040050062578196	5.451913106489147
-0.3103879849812259	5.495158095488021
-0.3003754693366707	5.550922192670812
-0.2903629536921146	5.615672338599254
-0.28035043804755944	5.690407505817592
-0.27033792240300336	5.777878111778171
-0.2603254067584482	5.878718549936367
-0.2503128911138921	5.990201202640316
-0.24030037546933602	6.10697282686371
-0.23028785982478084	6.2211079765403365
-0.22027534418022476	6.321767710417047
-0.21026282853566958	6.39791218139518
-0.2002503128911135	6.445083786689697
-0.19023779724655832	6.471109426393315
-0.18022528160200224	6.49378718477504
-0.17021276595744617	6.5301190232249855
-0.16020025031289098	6.584963612000944
-0.1501877346683349	6.647665020079647
-0.14017521902377972	6.698036255560078
-0.13016270337922364	6.716626320752092
-0.12015018773466846	6.693616125677882
-0.11013767209011238	6.632950344389663
-0.10012515644555631	6.550140724144312
-0.09011264080100112	6.4646865770881545
-0.08010012515644505	6.391591426262579
-0.07008760951188986	6.337366392328347
-0.060075093867333784	6.301945440126454
-0.0500625782227786	6.282938908456865
-0.04005006257822252	6.278067488782826
-0.030037546933666448	6.285180031266342
-0.02002503128911126	6.301858836629978
-0.010012515644555187	6.325571277316815
-0.0	6.353272838186483
