  369.000000    3.161137    6.503644    0.000708    0.000040   30.595417  -241.128708   16.815332    0.000190  -184.052246
  465.000000    3.160673    6.707401    0.001013    0.034168   29.003922  -240.942688   16.829720    0.000052  -185.205734
  454.000000    3.009054    6.514602    0.004517    0.127679   26.911699  -240.657104   16.887526    0.000852  -187.201172
  369.000000    2.819869    6.072578    0.001568    0.374128   25.046532  -240.178772   16.937096    0.001712  -188.925293
  379.000000    2.799571    6.137527    0.001220    0.687868   22.723207  -239.581711   17.001905    0.003196  -190.227219
  369.000000    2.763089    6.181217    0.001784    1.036727   21.084433  -238.902634   17.093552    0.004844  -190.737000
  298.000000    2.651748    5.840478    0.001875    1.168134   21.004549  -238.262482   17.223494    0.005409  -190.366806
  312.000000    2.726025    5.941699    0.002583    0.932833   20.173548  -237.506790   17.374893    0.004563  -190.350647
  331.000000    2.778676    6.273283    0.001808    0.335279   19.307907  -236.692902   17.604280    0.001813  -190.389847
  250.000000    2.721282    6.051224    0.002453    0.034827   19.932024  -236.057861   17.882669    0.000476  -189.432907
  289.000000    2.809067    6.389376    0.001935    0.365967   19.193970  -235.409882   18.133202    0.002106  -188.514252
  241.000000    2.750452    6.234140    0.002020    0.690403   19.849995  -234.883575   18.328857    0.002376  -187.025330
  204.000000    2.732022    6.197271    0.001212    0.733302   20.507603  -234.472916   18.480726    0.001962  -185.818817
  171.000000    2.728245    5.947513    0.001864    0.532316   21.867420  -234.054459   18.608347    0.001427  -184.367310
  233.000000    2.894669    6.559603    0.003479    0.321863   21.735146  -233.498383   18.721098    0.000505  -183.262024
  212.000000    2.938663    6.513606    0.003332    0.228210   23.850485  -233.086838   18.827877    0.000390  -180.724274
  208.000000    3.102477    6.735645    0.001387    0.179443   25.963196  -232.749939   18.930801    0.000137  -177.836853
  128.000000    3.108897    6.200113    0.001905    0.082134   29.891653  -232.465469   18.992968    0.001447  -174.186356
  130.000000    3.196203    6.444080    0.001234    0.011937   30.563763  -232.367874   19.035572    0.000198  -173.114899
  119.000000    3.080995    6.140229    0.002789    0.131561   30.052687  -232.496017   18.999350    0.000068  -174.088348
  210.000000    3.107543    6.764892    0.003353    0.185596   25.912212  -232.747757   18.924671    0.001288  -177.848221
  214.000000    2.951088    6.572971    0.002956    0.237697   23.661182  -233.083527   18.829487    0.000956  -180.827179
  213.000000    2.879941    6.477072    0.003690    0.317200   21.980330  -233.547119   18.718386    0.000273  -183.170227
  162.000000    2.719932    5.994147    0.001415    0.557983   21.730434  -234.046616   18.611732    0.000949  -184.430023
  186.000000    2.668403    5.955729    0.003402    0.715211   21.059631  -234.536469   18.488632    0.002153  -185.643311
  279.000000    2.823516    6.526791    0.003891    0.667654   19.207462  -234.874115   18.330416    0.000037  -187.314362
  271.000000    2.768894    6.282519    0.002049    0.353914   19.557705  -235.451431   18.144215    0.001181  -188.340958
  247.000000    2.730171    5.994252    0.001430    0.025208   20.108513  -236.101166   17.887806    0.000396  -189.353394
  279.000000    2.708027    5.991951    0.002672    0.367681   19.968338  -236.755341   17.604879    0.000185  -190.111618
  303.000000    2.712784    5.933619    0.001080    1.008522   20.341196  -237.512787   17.384941    0.001390  -190.129257
  316.000000    2.691883    6.009482    0.001532    1.206732   20.551350  -238.213379   17.222794    0.005756  -190.523849
  445.000000    2.854949    6.549575    0.001680    1.027736   20.176655  -238.776215   17.097004    0.001672  -191.066940
  374.000000    2.792161    6.190571    0.001410    0.746856   22.718294  -239.564362   17.013130    0.000978  -190.100952
  359.000000    2.821516    6.013561    0.001974    0.394104   25.231714  -240.115936   16.930122    0.002008  -188.720947
  521.000000    3.066351    6.721047    0.004044    0.150941   26.367065  -240.578415   16.890694    0.000017  -187.378250
  393.000000    3.111123    6.472231    0.002384    0.051641   29.593689  -240.983673   16.845856    0.000037  -184.906708
  445.000000    3.249557    6.813896    0.001379    0.008259   29.845829  -241.029816   16.814962    0.000283  -184.295654
