  132.000000    3.231825    6.771258    0.001137    0.000007    5.664264   29.741619  -241.023209   16.803864    0.000156  -178.809082
  223.000000    3.235074    7.025025    0.007396    0.188136    8.508960   26.466827  -240.654999   16.908136    0.023291  -178.292145
   96.000000    2.917537    6.532919    0.030637    0.521960   18.159737   18.863056  -239.497498   17.223476    0.044127  -175.204041
  118.000000    2.482744    5.462278    0.041456    1.110859   26.559683   13.626064  -238.167175   17.568459    0.022757  -171.292892
  115.000000    2.597052    5.468767    0.036929    1.795217   33.250839    8.810965  -236.289703   18.072142    0.031345  -166.226440
  191.000000    2.619910    5.233376    0.049940    1.775354   39.448044    5.465320  -233.950500   18.692120    0.019206  -160.647217
  130.000000    2.646862    5.238003    0.044809    1.352622   44.391449    4.353134  -232.246399   19.449848    0.014389  -154.755280
  111.000000    2.594306    5.011651    0.038168    1.000769   47.730480    4.797069  -231.241333   20.165771    0.011253  -149.891876
   88.000000    2.672769    5.144960    0.027395    0.621650   50.879269    4.227759  -230.448914   20.900360    0.005779  -145.968964
  244.000000    2.706369    4.997766    0.005580    0.103901   51.355476    3.604208  -229.902969   21.747665    0.000589  -145.381409
   74.000000    2.616985    4.981250    0.007761    1.134320   48.508789    3.464289  -229.349823   22.697788    0.022522  -145.916122
  149.000000    2.474970    4.972917    0.020204    2.419297   41.470810    3.195202  -229.109039   23.312950    0.032558  -151.210114
  155.000000    2.535111    5.175665    0.030888    2.442936   35.587803    3.176844  -228.767639   23.670809    0.022409  -156.125168
  121.000000    2.435127    5.139821    0.025063    2.075814   29.009651    5.124026  -228.601898   23.962730    0.024099  -160.805557
   69.000000    2.447110    5.190076    0.027907    1.523235   22.499325    7.992530  -228.525848   24.259430    0.010716  -164.575531
  136.000000    2.480527    5.717593    0.023279    0.909885   15.770707   10.794917  -228.222305   24.531042    0.015056  -167.979294
   93.000000    2.657437    6.190964    0.022094    0.525997    9.147918   15.217317  -228.056915   24.800703    0.015047  -169.479446
   56.000000    2.599181    6.115198    0.006538    0.185600    2.682505   21.579130  -228.052917   24.980755    0.002679  -169.901321
   45.000000    2.813224    6.531393    0.001910    0.010273    0.000371   23.511576  -227.815964   25.078327    0.000393  -169.868500
   65.000000    2.684071    6.102814    0.008316    0.204796    2.497286   21.706663  -228.063538   25.003506    0.009844  -169.846237
   98.000000    2.585757    6.137543    0.018632    0.518512    8.594710   15.895134  -228.015701   24.821218    0.013878  -169.430328
   93.000000    2.531044    5.689827    0.026141    0.954343   15.250151   11.284982  -228.167587   24.549503    0.017190  -167.864395
  112.000000    2.429967    5.313049    0.026200    1.514552   22.406792    7.666810  -228.461319   24.255468    0.019814  -164.828659
  107.000000    2.444884    5.285495    0.027241    2.088542   28.987877    5.149776  -228.649429   23.973156    0.013710  -160.678757
   65.000000    2.482481    5.106053    0.026968    2.583293   35.346657    4.065125  -228.752213   23.705536    0.028867  -155.407227
  116.000000    2.457319    4.993915    0.015806    2.446816   41.548782    3.419716  -229.082947   23.329050    0.019681  -150.851852
   88.000000    2.409719    4.775013    0.009854    1.132510   47.507061    4.743832  -229.595184   22.756662    0.021449  -146.239075
  144.000000    2.627167    4.880353    0.005396    0.119640   51.191952    4.212924  -229.843307   21.774355    0.000914  -145.030609
  254.000000    2.686143    5.139093    0.025002    0.609999   50.385506    3.624245  -230.447968   20.932804    0.003890  -147.041290
  224.000000    2.661332    5.127071    0.044119    0.942909   48.514805    3.478005  -231.153687   20.211781    0.003921  -150.169739
  138.000000    2.658209    5.269521    0.044963    1.395180   45.063465    3.710743  -232.230682   19.493616    0.018036  -154.576935
  143.000000    2.620938    5.168997    0.053166    1.726231   39.811985    5.528337  -234.113556   18.718319    0.026548  -160.459030
  138.000000    2.608986    5.176946    0.039908    1.701866   33.648602    8.452839  -236.070007   18.083088    0.033459  -166.324310
  133.000000    2.495692    5.593779    0.028670    1.072807   26.349430   13.342316  -238.157379   17.604666    0.034009  -171.636017
  170.000000    2.855833    6.554765    0.029048    0.464205   17.969093   18.447895  -239.374420   17.235262    0.030521  -175.787811
  266.000000    3.213678    7.135451    0.008346    0.151440    8.653258   25.916704  -240.617142   16.914139    0.021671  -178.602463
  148.000000    3.300807    6.880946    0.001891    0.029251    5.664155   29.463583  -241.006470   16.810970    0.000064  -178.854797
