 5000.000000    3.723253    6.002619    0.012076    0.000105  -57.045818  -300.692474   15.394533    0.000401  -332.605316
 5000.000000    3.546462    5.673064    0.012685    0.118749  -57.925964  -300.536255   15.412798    0.000000  -333.698456
 5000.000000    3.193609    5.039351    0.011929    0.250545  -60.203075  -300.154938   15.471680    0.000141  -336.390747
 5000.000000    2.931047    4.626880    0.012149    0.336902  -63.015900  -299.757874   15.558317    0.000564  -339.307922
 5000.000000    2.762577    4.401923    0.011285    0.510383  -65.656807  -299.336029   15.672663    0.000080  -341.633911
 4780.000000    2.707031    4.344401    0.009897    0.735100  -67.650513  -298.926758   15.817898    0.001467  -342.961487
 5000.000000    2.717410    4.381790    0.011607    0.856373  -69.146149  -298.600861   15.991299    0.000905  -343.787628
 4903.000000    2.719563    4.383380    0.010020    0.710440  -69.845299  -298.149597   16.206053    0.002090  -343.963379
 4319.000000    2.724850    4.350300    0.011031    0.272491  -70.103233  -297.565033   16.486370    0.000969  -343.822266
 4253.000000    2.745143    4.418028    0.010455    0.071432  -70.354668  -296.963501   16.808411    0.000013  -343.264709
 4390.000000    2.740133    4.433409    0.011506    0.237621  -70.390930  -296.685852   17.081463    0.000218  -342.572449
 4744.000000    2.735299    4.454972    0.013714    0.395483  -70.155785  -296.617920   17.304211    0.000099  -341.869934
 5000.000000    2.714154    4.483208    0.017071    0.420709  -69.490051  -296.633484   17.489326    0.000248  -340.998840
 5000.000000    2.703840    4.467533    0.017388    0.464166  -68.445404  -296.554993   17.657383    0.000077  -339.690002
 4925.000000    2.747578    4.529895    0.022104    0.612836  -66.823090  -296.299683   17.815449    0.000770  -337.394135
 5000.000000    2.888230    4.688944    0.025417    0.851200  -64.638031  -295.968353   17.963587    0.000301  -334.188690
 5000.000000    3.229844    5.142084    0.026152    0.976575  -61.882393  -295.525970   18.117577    0.000138  -329.915985
 5000.000000    3.777449    5.883086    0.019070    0.565147  -58.930981  -295.037201   18.268389    0.000300  -325.454712
 4999.000000    4.161611    6.410846    0.011780    0.000018  -57.336102  -294.795868   18.347435    0.000088  -323.200195
 5000.000000    3.781894    5.888283    0.019467    0.557985  -58.930016  -295.028870   18.267397    0.002144  -325.441711
 4999.000000    3.228397    5.143204    0.025798    0.978669  -61.895248  -295.528198   18.115936    0.000331  -329.931091
 5000.000000    2.890301    4.692212    0.025333    0.847974  -64.632019  -295.968842   17.962879    0.000567  -334.181580
 5000.000000    2.744676    4.529055    0.022424    0.614977  -66.825157  -296.306244   17.812901    0.000142  -337.407227
 4997.000000    2.707871    4.474985    0.018368    0.464180  -68.442078  -296.561768   17.654516    0.000033  -339.683899
 5000.000000    2.716713    4.482313    0.016571    0.424515  -69.485237  -296.628784   17.486425    0.000117  -340.987366
 5000.000000    2.732096    4.461055    0.013762    0.395722  -70.187599  -296.632629   17.298834    0.000295  -341.918457
 4293.000000    2.737834    4.430773    0.010978    0.236876  -70.367844  -296.676025   17.077858    0.000010  -342.549561
 4719.000000    2.744292    4.446605    0.009859    0.077012  -70.442261  -296.994293   16.802811    0.000162  -343.355804
 4720.000000    2.733529    4.389001    0.009894    0.273227  -70.208946  -297.598389   16.481155    0.000816  -343.919708
 4638.000000    2.719550    4.363693    0.010468    0.715361  -69.814087  -298.135681   16.204506    0.001750  -343.934448
 4679.000000    2.710574    4.361132    0.011285    0.868204  -69.082932  -298.579498   15.988562    0.000711  -343.721985
 5000.000000    2.715565    4.369150    0.010251    0.717495  -67.731056  -298.954163   15.814957    0.001715  -343.056091
 5000.000000    2.767326    4.403525    0.011468    0.507311  -65.664864  -299.338196   15.671137    0.000080  -341.642181
 5000.000000    2.929649    4.627962    0.011936    0.340920  -63.052616  -299.756531   15.556236    0.000676  -339.341766
 5000.000000    3.191070    5.040306    0.011995    0.240358  -60.218658  -300.153595   15.470815    0.000598  -336.417084
 5000.000000    3.548328    5.663941    0.012822    0.119465  -57.949928  -300.542053   15.412099    0.000007  -333.735321
 4999.000000    3.722011    5.997255    0.012236    0.000184  -57.054428  -300.691010   15.393494    0.000024  -332.620239
