  834.000000    3.816519    6.151916    0.014364    0.000069    3.790021  -57.366901  -300.775055   15.398286    0.000044  -328.970764
 1627.000000    3.606949    5.808241    0.014376    0.152872    5.058030  -58.383251  -300.643799   15.412347    0.000502  -328.973755
 2246.000000    3.245647    5.220888    0.014796    0.285259    8.552669  -60.886021  -300.302490   15.472075    0.002322  -328.394867
 2247.000000    2.971147    4.772446    0.018083    0.348501   13.189256  -63.625046  -299.877930   15.561428    0.007509  -326.634613
 1383.000000    2.767449    4.468011    0.012547    0.499187   18.350716  -65.961449  -299.394226   15.669800    0.008515  -323.579437
  955.000000    2.750676    4.431899    0.013677    0.713549   23.603251  -67.930809  -298.994415   15.822123    0.010683  -319.579376
 1197.000000    2.697356    4.420846    0.013613    0.811217   29.000366  -69.338730  -298.642578   15.990961    0.014746  -315.032196
  530.000000    2.728195    4.450730    0.010710    0.703321   33.567059  -70.017441  -298.180725   16.205793    0.010027  -310.522339
 1016.000000    2.740736    4.415602    0.010999    0.264998   36.545990  -70.301773  -297.629181   16.489183    0.001587  -307.461853
  994.000000    2.733760    4.469698    0.013106    0.091214   36.923473  -70.541336  -296.999237   16.800083    0.000000  -306.509247
  771.000000    2.721528    4.479273    0.012383    0.238073   34.941936  -70.513687  -296.735229   17.075066    0.001565  -307.779083
  485.000000    2.707339    4.440481    0.014661    0.410096   31.541063  -70.180336  -296.631531   17.300705    0.003280  -310.394257
  546.000000    2.667081    4.511985    0.018631    0.430888   27.362335  -69.534065  -296.660797   17.482956    0.005215  -313.715790
  752.000000    2.664455    4.477345    0.021431    0.479440   22.702517  -68.539673  -296.589172   17.646858    0.003430  -317.133392
  490.000000    2.759865    4.577771    0.023789    0.626525   17.544510  -66.919388  -296.350952   17.812046    0.002465  -319.923370
 1263.000000    2.867113    4.734281    0.028076    0.927792   12.243518  -64.917107  -296.049042   17.951900    0.001872  -322.211609
 1119.000000    3.206458    5.171070    0.029033    1.062387    6.858271  -62.155502  -295.579407   18.107613    0.001081  -323.299011
  700.000000    3.756488    5.899554    0.021225    0.602402    2.184508  -59.091690  -295.054596   18.263805    0.000406  -323.417908
  443.000000    4.161774    6.423512    0.011395    0.000047    0.000090  -57.402420  -294.810883   18.341005    0.000041  -323.275452
  832.000000    3.765179    5.917912    0.021589    0.593989    2.173524  -59.123425  -295.055054   18.262745    0.000511  -323.443024
  989.000000    3.200899    5.169670    0.029044    1.058865    6.872769  -62.132252  -295.578247   18.108078    0.001229  -323.269958
  740.000000    2.867968    4.719675    0.028052    0.906629   12.235713  -64.797897  -296.032501   17.954941    0.001612  -322.115814
  402.000000    2.777205    4.587571    0.025560    0.625134   17.553837  -66.915268  -296.361023   17.809614    0.002836  -319.894531
  629.000000    2.670164    4.490108    0.020765    0.467299   22.693489  -68.523270  -296.593445   17.644844    0.003674  -317.126404
  891.000000    2.688393    4.534316    0.017566    0.433044   27.348116  -69.607452  -296.679810   17.477674    0.004017  -313.784149
  947.000000    2.704604    4.454158    0.014733    0.405514   31.586218  -70.281982  -296.664764   17.292482    0.004491  -310.484558
 1435.000000    2.722510    4.505561    0.012277    0.246209   34.916012  -70.602081  -296.780701   17.064949    0.002770  -307.912506
  835.000000    2.737354    4.514385    0.012764    0.090489   37.013981  -70.600990  -297.037354   16.798477    0.000256  -306.470642
  837.000000    2.728642    4.417413    0.011101    0.276476   36.643612  -70.363380  -297.648193   16.480650    0.003342  -307.450348
 1235.000000    2.720604    4.416772    0.010572    0.668527   33.541950  -70.039452  -298.191162   16.205843    0.007808  -310.658539
 1269.000000    2.718596    4.441461    0.013163    0.819530   28.938927  -69.345245  -298.636536   15.988674    0.014412  -315.047028
 1820.000000    2.734834    4.474559    0.015306    0.633478   23.702642  -68.064522  -299.032806   15.820808    0.010589  -319.705109
 2276.000000    2.775497    4.506841    0.013413    0.468226   18.359676  -66.104958  -299.426331   15.670147    0.010812  -323.726685
 2625.000000    2.949985    4.777484    0.016973    0.342779   13.227849  -63.678444  -299.875916   15.559509    0.004805  -326.674988
 2785.000000    3.236473    5.223690    0.014195    0.281578    8.578437  -60.989555  -300.299805   15.468872    0.004434  -328.481689
 1438.000000    3.599092    5.793887    0.016580    0.153028    5.095483  -58.369576  -300.647644   15.414647    0.000503  -328.944031
 1392.000000    3.793813    6.152906    0.014182    0.000163    3.790020  -57.445473  -300.795654   15.395296    0.000037  -329.094727
