  175.000000    3.271637    6.899060    0.001122    0.000047    7.227075   29.405357  -240.994888   16.806421    0.000485  -177.383667
   87.000000    3.198123    6.918475    0.004758    0.065824    8.619894   28.569180  -240.908112   16.839552    0.000947  -176.691360
  111.000000    3.075856    6.590476    0.008444    0.143132   11.251495   26.564335  -240.555023   16.896183    0.005992  -176.019104
   77.000000    2.934845    6.409766    0.005060    0.381201   14.731230   24.501354  -240.140564   16.933237    0.012438  -174.231430
  134.000000    2.851361    6.589295    0.001611    0.666860   18.854946   21.760429  -239.558746   17.006933    0.018323  -171.808990
  209.000000    2.899345    6.716499    0.002212    0.951167   23.164352   19.548124  -238.753647   17.094530    0.019878  -168.357544
  172.000000    2.847129    6.679544    0.001837    1.119659   27.075691   19.066433  -238.045609   17.214628    0.012620  -164.028061
   78.000000    2.810367    6.324110    0.004920    0.961865   31.283907   19.349613  -237.525177   17.403711    0.011632  -159.375046
  102.000000    2.913928    6.671079    0.002511    0.392294   34.483910   18.321215  -236.569611   17.609653    0.005679  -156.169342
   79.000000    2.815830    6.616863    0.003846    0.072568   34.553368   18.778034  -235.918320   17.881687    0.000102  -155.196030
  133.000000    2.902084    6.906314    0.003152    0.360839   32.272602   17.868721  -235.249115   18.135946    0.004442  -156.795013
   52.000000    2.787902    6.531990    0.004199    0.789108   27.827787   19.480272  -234.888168   18.334614    0.009980  -159.122330
  116.000000    2.863739    6.759623    0.002470    0.702732   22.985233   19.090319  -234.341690   18.459257    0.019602  -163.458710
  102.000000    2.899096    6.700095    0.003389    0.517960   17.949808   20.190544  -233.969116   18.605043    0.015645  -167.087540
   70.000000    2.940977    6.728237    0.003657    0.337336   13.811444   21.205687  -233.554276   18.726349    0.004312  -169.796280
   51.000000    2.931173    6.588697    0.006080    0.264467    9.105879   23.465015  -233.153824   18.828541    0.007821  -171.956146
   75.000000    3.192578    7.074894    0.002596    0.204787    5.061131   24.945267  -232.642303   18.932688    0.001182  -173.227188
   85.000000    3.326921    7.055310    0.003501    0.102178    1.076364   27.958218  -232.384735   18.983196    0.000232  -173.878815
   60.000000    3.395356    7.079280    0.001563    0.017158   -0.000188   29.076691  -232.394196   19.033108    0.000398  -173.790833
   52.000000    3.309339    6.847566    0.004332    0.172439    0.958357   28.615852  -232.405228   18.999228    0.000454  -173.497665
   60.000000    3.160455    6.933434    0.004358    0.200402    5.051190   25.336937  -232.704865   18.931156    0.001594  -173.085358
   52.000000    2.994725    6.649394    0.003021    0.262286    9.196826   23.247059  -233.034973   18.802702    0.001767  -171.877197
   92.000000    2.949810    6.814768    0.005258    0.308361   13.707307   21.036860  -233.546417   18.731977    0.002930  -169.989151
   85.000000    2.852625    6.687320    0.002171    0.528536   18.008278   20.201982  -233.946716   18.613249    0.012350  -167.040207
   70.000000    2.808963    6.635517    0.004406    0.657426   22.805477   19.661776  -234.411850   18.478764    0.019793  -163.339737
  111.000000    2.881153    6.718917    0.005351    0.651463   28.113626   18.482153  -234.815338   18.338135    0.008405  -159.616135
   50.000000    2.826654    6.681474    0.003515    0.375289   32.095715   18.821705  -235.298523   18.146240    0.003661  -156.344269
   83.000000    2.873226    6.444265    0.002302    0.060096   34.460281   18.993507  -235.896408   17.881729    0.001710  -155.179291
  107.000000    2.828351    6.594834    0.002512    0.394615   34.183125   18.650244  -236.663773   17.615566    0.003163  -156.391373
  106.000000    2.836581    6.512193    0.001917    0.978738   31.039774   18.971735  -237.470093   17.413200    0.010614  -159.705322
  209.000000    2.873977    6.799909    0.002051    1.145837   27.217600   18.575577  -237.972290   17.209476    0.020273  -164.127579
  171.000000    2.873641    6.851110    0.002229    0.964494   23.412392   19.354259  -238.704742   17.121628    0.022128  -168.102859
  125.000000    2.851098    6.586565    0.002889    0.744543   18.671625   21.934378  -239.511322   17.012680    0.014166  -171.693375
  120.000000    2.927571    6.518969    0.004656    0.401914   14.493629   24.124260  -239.966660   16.936932    0.011303  -174.547424
  142.000000    3.087604    6.834704    0.005003    0.183086   11.396749   25.916840  -240.511429   16.912821    0.008000  -176.166626
  128.000000    3.127306    6.817690    0.002846    0.086989    8.064258   28.803564  -240.946915   16.861019    0.003785  -177.179459
  134.000000    3.343342    7.027730    0.001861    0.011524    7.227566   29.077919  -240.925629   16.816336    0.000039  -177.419312
