 5000.000000    3.723114    6.001090    0.012689    0.000510  -57.040634  -300.690735   15.393469    0.000168  -332.600311
 5000.000000    3.560840    5.729809    0.011382    0.082566  -57.893631  -300.561096   15.424457    0.000125  -333.645538
 5000.000000    3.206756    5.184396    0.011406    0.165138  -59.755882  -300.169189   15.509664    0.000444  -335.847229
 5000.000000    2.909568    4.784687    0.012717    0.227554  -62.059849  -299.695129   15.633265    0.000258  -338.186951
 4497.000000    2.696299    4.496448    0.012189    0.396608  -64.093575  -299.196564   15.784246    0.000532  -339.903839
 5000.000000    2.623132    4.451345    0.014098    0.626962  -65.944931  -298.782562   15.960585    0.002129  -341.049255
 4858.000000    2.589072    4.408384    0.012651    0.756702  -67.138481  -298.361816   16.154388    0.001475  -341.577637
 3337.000000    2.509902    4.232650    0.011632    0.659682  -67.407364  -297.755402   16.407518    0.000374  -341.341003
 4153.000000    2.578873    4.299330    0.011986    0.242792  -67.998535  -297.242767   16.764196    0.000047  -341.344086
 3683.000000    2.568704    4.241868    0.011161    0.061965  -68.118576  -296.610077   17.167545    0.000119  -340.677307
 5000.000000    2.614337    4.333161    0.012380    0.180434  -68.490913  -296.339050   17.503857    0.000192  -340.185608
 5000.000000    2.613254    4.373441    0.014905    0.304994  -68.332657  -296.207336   17.779663    0.000190  -339.453552
 3485.000000    2.611249    4.381564    0.015456    0.328781  -67.483261  -295.992554   18.018124    0.000241  -338.120392
 4240.000000    2.675712    4.525226    0.017013    0.323523  -66.774445  -295.907227   18.221363    0.000029  -336.918793
 5000.000000    2.758389    4.693701    0.018613    0.420579  -65.605103  -295.702240   18.417690    0.000011  -334.998383
 4633.000000    2.952057    4.926312    0.021756    0.630938  -63.637753  -295.288727   18.604620    0.000399  -331.790405
 5000.000000    3.299518    5.448313    0.021872    0.781812  -61.465771  -294.830566   18.780525    0.002567  -327.961731
 5000.000000    3.837505    6.216827    0.018139    0.459550  -59.013710  -294.307037   18.942781    0.000001  -323.845947
 5000.000000    4.172131    6.713033    0.014119    0.000217  -57.773506  -294.051697   19.022060    0.000079  -321.903564
 5000.000000    3.837518    6.226980    0.018884    0.455057  -59.015511  -294.307587   18.943563    0.001713  -323.839386
 4999.000000    3.300502    5.453830    0.021850    0.786661  -61.468063  -294.832764   18.780550    0.000278  -327.957153
 5000.000000    2.944895    4.943094    0.021991    0.646666  -63.709122  -295.310455   18.602758    0.000194  -331.859985
 5000.000000    2.760057    4.698699    0.018787    0.421568  -65.583420  -295.702484   18.418612    0.000606  -334.967560
 5000.000000    2.675996    4.563545    0.018224    0.319265  -66.930595  -295.968018   18.214176    0.000026  -337.107391
 5000.000000    2.641392    4.475206    0.017111    0.307048  -67.810333  -296.117981   18.003784    0.000501  -338.483276
 4756.000000    2.612392    4.361886    0.014971    0.302456  -68.288200  -296.191589   17.781647    0.000288  -339.406158
 4333.000000    2.600387    4.300716    0.012834    0.186943  -68.358955  -296.300323   17.508858    0.000296  -340.049255
 4560.000000    2.602494    4.313975    0.011864    0.063857  -68.342430  -296.676025   17.166504    0.000082  -340.859680
 4402.000000    2.589202    4.320018    0.012326    0.236764  -68.073135  -297.257080   16.766973    0.000034  -341.404907
 3323.000000    2.505145    4.219274    0.011935    0.659035  -67.385269  -297.742920   16.408958    0.000431  -341.323395
 4337.000000    2.569314    4.360461    0.013316    0.774162  -66.984573  -298.320892   16.155941    0.000486  -341.431763
 4711.000000    2.611164    4.424507    0.014132    0.639897  -65.882477  -298.764038   15.960910    0.001043  -340.994873
 5000.000000    2.714341    4.535527    0.012671    0.392853  -64.229965  -299.221619   15.785337    0.000084  -340.010773
 5000.000000    2.909917    4.782264    0.012271    0.235053  -62.058060  -299.693604   15.631702    0.000260  -338.180176
 5000.000000    3.202593    5.176567    0.010498    0.162151  -59.774658  -300.160767   15.511242    0.000258  -335.872131
 5000.000000    3.555445    5.720555    0.011680    0.082357  -57.896797  -300.555664   15.425188    0.000341  -333.656891
 5000.000000    3.726521    5.996164    0.013322    0.000582  -57.055679  -300.692627   15.391815    0.000221  -332.619690
