 1316.000000    3.818065    6.140676    0.014141    0.000246    4.206982  -57.419872  -300.791992   15.392916    0.000030  -328.638794
 2086.000000    3.625967    5.889827    0.013976    0.096763    5.407219  -58.399063  -300.687897   15.423198    0.000361  -328.629669
 1191.000000    3.235535    5.278376    0.011464    0.192358    8.284277  -60.109650  -300.249725   15.509501    0.002914  -327.844971
 1623.000000    2.957839    4.920915    0.013514    0.212852   12.184340  -62.464966  -299.794189   15.632181    0.003288  -326.334229
 2109.000000    2.747521    4.655583    0.015733    0.356782   16.557638  -64.555641  -299.325745   15.789481    0.007774  -323.750854
 1280.000000    2.666548    4.553480    0.016069    0.592020   21.430450  -66.214035  -298.848785   15.961687    0.008570  -319.833984
  973.000000    2.601092    4.431092    0.014969    0.725475   26.274376  -67.311310  -298.367004   16.154491    0.010338  -315.466492
 1003.000000    2.563641    4.359241    0.014578    0.623467   30.143547  -67.700615  -297.827087   16.408207    0.005502  -311.409546
  647.000000    2.610640    4.342623    0.014530    0.248715   33.068542  -68.165504  -297.252045   16.764183    0.001215  -308.367096
 1181.000000    2.608705    4.332847    0.011804    0.065578   33.255783  -68.369064  -296.689819   17.164288    0.000162  -307.619751
  538.000000    2.647353    4.366292    0.013065    0.178948   31.580164  -68.600945  -296.357605   17.494642    0.003156  -308.674957
  975.000000    2.643890    4.431876    0.017372    0.304038   28.327045  -68.536690  -296.265381   17.773216    0.006201  -311.298431
  588.000000    2.643210    4.474047    0.015640    0.351718   23.921715  -67.675369  -296.087311   18.013165    0.007024  -314.336182
 1296.000000    2.661352    4.565823    0.018225    0.326620   19.698334  -67.029617  -295.992920   18.209326    0.003872  -317.539001
  822.000000    2.775532    4.795116    0.022128    0.448801   15.246696  -65.870842  -295.782043   18.410894    0.004358  -319.949371
 2027.000000    2.914740    4.997329    0.024723    0.703811   10.346789  -64.075043  -295.411285   18.591251    0.001485  -321.906189
 1658.000000    3.252635    5.493973    0.027111    0.885524    5.793896  -61.823460  -294.924011   18.769566    0.000619  -322.524170
 1073.000000    3.800686    6.260063    0.021828    0.521499    1.742257  -59.272644  -294.375427   18.938389    0.000296  -322.363037
  415.000000    4.152190    6.762640    0.016434    0.000445    0.000443  -57.897533  -294.075195   19.025318    0.000025  -322.015228
  452.000000    3.790410    6.209003    0.019770    0.490460    1.738659  -59.058720  -294.323578   18.941891    0.000499  -322.191620
 1218.000000    3.260720    5.486349    0.025941    0.851529    5.784521  -61.733261  -294.901733   18.772549    0.000848  -322.452545
  639.000000    2.916556    4.961634    0.023588    0.675054   10.407234  -63.825516  -295.346619   18.599001    0.001994  -321.587097
  957.000000    2.769301    4.780823    0.021641    0.453890   15.202912  -65.850327  -295.781403   18.408411    0.003626  -319.991119
 1548.000000    2.659156    4.608111    0.019876    0.321708   19.865179  -67.195419  -296.047119   18.201586    0.005430  -317.561462
  848.000000    2.661728    4.555008    0.021030    0.306439   24.264580  -68.012070  -296.198547   17.996254    0.005736  -314.399841
  970.000000    2.637269    4.429012    0.017122    0.296706   28.261858  -68.508171  -296.269775   17.772373    0.004734  -311.358887
 1400.000000    2.619276    4.364005    0.014245    0.182123   31.429991  -68.599174  -296.391479   17.499334    0.003311  -308.878387
 1447.000000    2.625610    4.384380    0.012676    0.070196   33.435528  -68.585236  -296.740051   17.160074    0.000713  -307.636139
 1112.000000    2.622031    4.385037    0.014865    0.231336   33.143326  -68.284706  -297.297546   16.770046    0.001143  -308.414490
  672.000000    2.537130    4.310493    0.014308    0.633258   30.150368  -67.579941  -297.789124   16.411263    0.005250  -311.307007
 1389.000000    2.599097    4.416108    0.015324    0.722960   26.158943  -67.247177  -298.355286   16.159916    0.008062  -315.522064
 1292.000000    2.651350    4.525006    0.017089    0.592926   21.403858  -66.162506  -298.827515   15.966380    0.008552  -319.824890
  998.000000    2.738071    4.608876    0.016639    0.355956   16.689035  -64.457397  -299.273834   15.789167    0.005826  -323.527679
 1122.000000    2.955540    4.889401    0.013868    0.238353   12.189189  -62.372002  -299.765778   15.631716    0.005196  -326.214539
 1095.000000    3.229958    5.284751    0.011313    0.182201    8.316296  -60.135292  -300.235779   15.510653    0.002771  -327.833130
 2205.000000    3.620393    5.886254    0.014421    0.090348    5.421441  -58.412884  -300.691528   15.423198    0.000281  -328.648102
 1228.000000    3.813111    6.139466    0.014803    0.000336    4.206982  -57.413280  -300.783051   15.392891    0.000055  -328.628693
