#[25, 24, 48, 47]
-0.0    0.26
10.0    1.11
20.0    3.69
30.0    7.62
40.0    13.06
50.0    19.18
60.0    25.09
70.0    30.04
80.0    33.74
90.0    35.56
100.0    33.98
110.0    29.45
120.0    24.17
130.0    19.19
140.0    15.04
150.0    12.01
160.0    10.2
170.0    9.52
180.0    9.42
-170.0    9.5
-160.0    10.17
-150.0    11.96
-140.0    14.98
-130.0    19.13
-120.0    24.11
-110.0    29.38
-100.0    33.93
-90.0    35.53
-80.0    33.73
-70.0    30.04
-60.0    25.1
-50.0    19.2
-40.0    13.08
-30.0    7.63
-20.0    3.44
-10.0    0.86
-0.0    0.0
