#[18, 17, 41, 40]
-0.0    0.26
10.0    1.11
20.0    3.63
30.0    7.72
40.0    12.79
50.0    18.74
60.0    24.45
70.0    29.23
80.0    32.79
90.0    34.49
100.0    32.93
110.0    28.53
120.0    23.38
130.0    18.53
140.0    14.47
150.0    11.52
160.0    9.81
170.0    9.18
180.0    9.12
-170.0    9.19
-160.0    9.84
-150.0    11.55
-140.0    14.5
-130.0    18.56
-120.0    23.42
-110.0    28.57
-100.0    32.96
-90.0    34.52
-80.0    32.81
-70.0    29.26
-60.0    24.48
-50.0    18.76
-40.0    12.81
-30.0    7.47
-20.0    3.37
-10.0    0.85
-0.0    0.0
