#[2, 1, 23, 22]
0.0    0.26
10.0    0.22
20.0    1.07
30.0    2.84
40.0    5.7
50.0    9.54
60.0    13.92
70.0    18.14
80.0    21.25
90.0    22.19
100.0    20.77
110.0    17.77
120.0    14.06
130.0    10.36
140.0    7.14
150.0    4.78
160.0    3.39
170.0    2.86
-180.0    2.77
-170.0    2.85
-160.0    3.37
-150.0    4.77
-140.0    7.14
-130.0    10.37
-120.0    14.08
-110.0    17.8
-100.0    20.79
-90.0    22.19
-80.0    21.22
-70.0    18.1
-60.0    13.88
-50.0    9.52
-40.0    5.71
-30.0    2.88
-20.0    1.12
-10.0    0.26
0.0    0.0
