#[50, 49, 70, 69]
-0.0    0.26
10.0    0.5
20.0    1.15
30.0    2.91
40.0    5.73
50.0    9.53
60.0    13.81
70.0    18.03
80.0    21.19
90.0    22.21
100.0    20.85
110.0    17.91
120.0    14.28
130.0    10.69
140.0    7.65
150.0    5.48
160.0    4.32
170.0    3.98
180.0    3.97
-170.0    3.96
-160.0    4.3
-150.0    5.46
-140.0    7.63
-130.0    10.68
-120.0    14.28
-110.0    17.9
-100.0    20.85
-90.0    22.2
-80.0    21.16
-70.0    18.01
-60.0    13.8
-50.0    9.46
-40.0    5.68
-30.0    2.87
-20.0    1.12
-10.0    0.25
-0.0    0.0
