#[43, 42, 63, 62]
0.0    0.26
10.0    0.27
20.0    1.26
30.0    3.23
40.0    6.36
50.0    10.53
60.0    15.29
70.0    19.89
80.0    23.3
90.0    24.41
100.0    22.88
110.0    19.64
120.0    15.62
130.0    11.54
140.0    7.92
150.0    5.15
160.0    3.41
170.0    2.61
-180.0    2.42
-170.0    2.6
-160.0    3.39
-150.0    5.14
-140.0    7.93
-130.0    11.55
-120.0    15.65
-110.0    19.67
-100.0    22.9
-90.0    24.41
-80.0    23.27
-70.0    19.84
-60.0    15.24
-50.0    10.5
-40.0    6.36
-30.0    3.26
-20.0    1.3
-10.0    0.3
0.0    0.0
