#[14, 13, 73, 72]
-0.0    0.0
10.0    0.18
20.0    0.98
30.0    2.71
40.0    5.55
50.0    9.47
60.0    14.05
70.0    18.43
80.0    21.54
90.0    22.47
100.0    21.19
110.0    18.49
120.0    15.19
130.0    11.84
140.0    8.97
150.0    6.88
160.0    5.76
170.0    5.55
180.0    5.62
-170.0    5.55
-160.0    5.76
-150.0    6.88
-140.0    8.97
-130.0    11.83
-120.0    15.18
-110.0    18.49
-100.0    21.19
-90.0    22.47
-80.0    21.54
-70.0    18.43
-60.0    14.05
-50.0    9.48
-40.0    5.55
-30.0    2.71
-20.0    0.98
-10.0    0.18
-0.0    0.0
