#[64, 63, 123, 122]
0.1    0.0
10.1    0.2
20.1    1.0
30.1    2.68
40.1    5.58
50.1    9.53
60.1    14.13
70.1    18.54
80.1    21.67
90.1    22.57
100.1    21.28
110.1    18.55
120.1    15.23
130.1    11.86
140.1    8.97
150.1    6.9
160.1    5.77
170.1    5.57
-179.9    5.64
-169.9    5.57
-159.9    5.78
-149.9    6.92
-139.9    9.0
-129.9    11.9
-119.9    15.27
-109.9    18.59
-99.9    21.31
-89.9    22.58
-79.9    21.64
-69.9    18.49
-59.9    14.07
-49.9    9.48
-39.9    5.54
-29.9    2.65
-19.9    0.98
-9.9    0.19
0.1    0.0
