#[2, 1, 61, 60]
180.0    0.0
-172.1    0.16
-164.4    0.84
-157.0    2.4
-149.6    5.06
-142.0    8.79
-133.8    13.1
-124.8    17.2
-114.7    20.12
-104.0    20.97
-94.4    19.79
-85.7    17.28
-77.3    14.21
-68.2    11.18
-58.0    8.65
-46.2    6.96
-32.5    6.23
-17.0    6.29
-0.1    6.49
16.9    6.29
32.4    6.23
46.1    6.95
57.9    8.64
68.1    11.16
77.2    14.18
85.7    17.26
94.3    19.78
104.0    20.97
114.6    20.13
124.8    17.23
133.8    13.13
142.0    8.82
149.6    5.08
156.9    2.41
164.4    0.84
172.0    0.16
180.0    0.0
