  394.000000    3.201972    6.669117    0.000719    0.000011   30.208237  -241.098877   16.814793    0.000219  -184.203827
  602.000000    3.240203    6.985057    0.001841    0.024763   27.982006  -240.741409   16.829603    0.000233  -185.677704
  411.000000    2.964684    6.153776    0.002287    0.123025   27.324295  -240.339767   16.870026    0.000923  -186.900742
  345.000000    2.830528    5.730535    0.004202    0.327971   25.137772  -239.618103   16.928885    0.001629  -188.656586
  431.000000    2.913729    6.010200    0.003887    0.630721   21.897945  -238.639633   17.004953    0.000702  -190.177490
  489.000000    2.937742    6.036323    0.002295    0.918445   19.905243  -237.633453   17.065195    0.001201  -190.766998
  313.000000    2.742792    5.508030    0.001635    1.054967   20.658634  -236.884094   17.187443    0.004238  -189.726349
  466.000000    2.957300    6.054428    0.003307    0.828144   18.391178  -235.714355   17.331726    0.001065  -190.147202
  337.000000    2.852511    5.763762    0.001915    0.283166   19.179810  -234.654449   17.524918    0.000090  -189.048279
  252.000000    2.780159    5.530698    0.001873    0.063914   19.448132  -233.445496   17.800400    0.000423  -187.819901
  275.000000    2.805369    5.765102    0.001947    0.454144   19.169502  -232.447464   18.056623    0.001464  -186.193314
  271.000000    2.869096    5.836981    0.003611    0.769371   19.090799  -231.643982   18.274446    0.001999  -184.797684
  257.000000    2.850991    5.986901    0.001251    0.789381   19.351723  -230.939697   18.443724    0.001516  -183.514206
  304.000000    2.913106    6.293298    0.002784    0.594529   19.519287  -230.287048   18.575043    0.000001  -182.389008
  242.000000    2.865691    6.287069    0.002950    0.372624   21.071384  -229.708496   18.697100    0.000326  -180.411362
  299.000000    2.927328    6.657650    0.004329    0.246392   22.242626  -229.023972   18.824242    0.000849  -178.120544
  201.000000    2.855436    6.506646    0.002872    0.188992   25.746822  -228.546280   18.922056    0.001216  -174.322235
  144.000000    2.862209    6.307287    0.002269    0.103306   29.127823  -228.151611   19.012127    0.001237  -170.735352
  116.000000    2.930103    6.280452    0.001523    0.018117   30.288807  -227.924164   19.031916    0.000541  -169.372711
  144.000000    2.847539    6.262384    0.001861    0.101280   29.194378  -228.188599   19.006260    0.000017  -170.774887
  232.000000    2.885379    6.673404    0.003089    0.185298   25.212196  -228.466858   18.922600    0.001636  -174.583267
  262.000000    2.895692    6.497828    0.004451    0.258193   22.706062  -229.088440   18.815678    0.001179  -177.909363
  284.000000    2.922817    6.402835    0.004548    0.361217   20.648029  -229.663132   18.694426    0.000450  -180.628799
  251.000000    2.844766    6.106208    0.004469    0.615626   20.093161  -230.361023   18.567429    0.000896  -182.128464
  408.000000    3.003070    6.367695    0.004330    0.733895   17.879339  -230.816040   18.437893    0.001312  -184.388504
  209.000000    2.741748    5.567258    0.004650    0.791503   19.918316  -231.724396   18.275036    0.001751  -184.424133
  304.000000    2.859997    5.904452    0.002622    0.416240   18.690811  -232.401810   18.049988    0.001042  -186.476654
  252.000000    2.786228    5.479159    0.001898    0.057198   19.557697  -233.515900   17.791103    0.000311  -187.842316
  261.000000    2.753511    5.456437    0.001322    0.306144   19.992487  -234.731842   17.514042    0.000219  -188.707687
  431.000000    2.921036    6.023737    0.001698    0.857492   18.582712  -235.733368   17.328995    0.001055  -190.016647
  408.000000    2.863906    5.912302    0.001700    1.046716   19.650957  -236.789169   17.193670    0.004246  -190.115677
  578.000000    2.988537    6.250838    0.001915    0.909249   19.392721  -237.601410   17.076448    0.004352  -190.977356
  345.000000    2.873283    5.821876    0.002461    0.702401   22.428759  -238.655426   16.993128    0.000798  -189.832718
  436.000000    2.921056    6.027750    0.001763    0.371225   24.425367  -239.533630   16.925205    0.000275  -188.860992
  345.000000    2.913390    5.937984    0.002487    0.173909   27.927275  -240.372147   16.871679    0.000968  -186.544464
  378.000000    3.111964    6.469363    0.001855    0.058729   29.442055  -240.897629   16.839678    0.000394  -184.973587
  368.000000    3.179023    6.549543    0.000648    0.014454   30.455276  -241.079254   16.815264    0.000171  -184.064880
