  108.000000    3.204681    6.754382    0.001255    0.000000   12.326014   29.768139  -241.018219   16.802565    0.000572  -172.160614
  118.000000    3.283421    7.287161    0.002917    0.056382   13.756535   27.404636  -240.735352   16.832150    0.002175  -172.109970
  376.000000    3.167876    6.822115    0.003099    0.097168   15.828810   25.267441  -240.164429   16.867701    0.002186  -172.108032
  191.000000    2.985365    6.281267    0.004609    0.302636   19.343744   23.713604  -239.425934   16.906631    0.007578  -169.880493
   87.000000    3.122224    6.044567    0.008969    0.648183   23.711332   21.358192  -238.450623   16.980606    0.019703  -166.556854
  171.000000    3.095120    6.359659    0.003678    0.917830   28.148409   18.854618  -237.518951   17.076303    0.016271  -163.047058
  159.000000    2.975679    6.054781    0.003018    1.039130   31.492510   19.094654  -236.716888   17.170586    0.013103  -158.873428
  101.000000    3.051405    6.274992    0.006200    0.842351   36.135857   17.906939  -235.707123   17.327717    0.009729  -154.151932
  183.000000    3.026259    6.150256    0.003356    0.304971   38.160141   17.981045  -234.595642   17.518356    0.002998  -151.448273
   70.000000    2.968534    5.925261    0.003043    0.136746   37.867134   18.545238  -233.346680   17.782278    0.002892  -150.115555
   97.000000    2.938926    6.181218    0.002478    0.451976   34.805424   18.119078  -232.371933   18.048256    0.012607  -151.811981
   89.000000    2.915576    6.077803    0.005267    0.810444   30.407349   18.390888  -231.596512   18.279713    0.017708  -154.691757
   60.000000    3.065443    6.351007    0.002124    0.797526   25.411154   18.397009  -230.776581   18.420431    0.017448  -158.314453
   60.000000    2.955116    6.390940    0.004158    0.592799   20.585903   19.071115  -230.167328   18.543140    0.016447  -162.007706
   74.000000    2.959239    6.491238    0.003112    0.417612   15.390293   20.240553  -229.622009   18.721151    0.013133  -165.385681
   52.000000    2.990721    6.933602    0.004279    0.289183   10.749004   21.638329  -229.010071   18.837715    0.004273  -167.562958
   84.000000    2.874220    6.864971    0.003306    0.206472    5.565904   24.639671  -228.450592   18.926510    0.002833  -169.366699
   90.000000    2.946815    6.862160    0.003975    0.122410    1.453073   27.547104  -227.984222   19.013144    0.000430  -170.035126
   33.000000    2.961207    6.514548    0.002241    0.026322   -0.000007   29.599081  -227.878418   19.016560    0.000522  -169.757950
   71.000000    2.941972    6.655094    0.003414    0.133123    1.471900   28.127182  -228.132706   18.994892    0.003633  -169.801498
   99.000000    2.932643    6.999487    0.004655    0.221502    5.802476   24.005735  -228.364319   18.916561    0.006393  -169.474869
   47.000000    3.072746    6.906509    0.009509    0.315153   10.519046   21.780331  -229.014252   18.816223    0.010367  -167.584366
  116.000000    3.020929    6.541229    0.005140    0.369328   15.609857   19.664259  -229.532135   18.683424    0.010306  -165.627670
   70.000000    2.859737    6.415929    0.006214    0.661928   20.343636   19.202442  -230.214584   18.557262    0.008124  -162.159317
   98.000000    3.116567    6.391205    0.007117    0.755914   26.309126   17.342478  -230.797806   18.432625    0.014634  -158.428146
  198.000000    3.025907    6.220262    0.007032    0.729381   30.070881   17.748606  -231.456665   18.262913    0.007001  -155.384689
  125.000000    2.983204    6.195046    0.002885    0.431753   35.112545   17.679300  -232.282196   18.048927    0.006750  -151.821808
   74.000000    2.766825    5.934490    0.001912    0.105089   37.891857   18.857920  -233.526031   17.772861    0.000010  -150.195068
   88.000000    2.875297    5.857932    0.002484    0.345697   37.788139   18.979206  -234.583618   17.500200    0.004068  -151.230591
  175.000000    3.087929    6.279613    0.002030    0.811663   35.959610   17.642151  -235.642227   17.338318    0.014835  -154.506073
   87.000000    3.045752    6.171129    0.002102    1.044545   31.845150   18.917351  -236.733826   17.193628    0.010708  -158.503448
  114.000000    3.195073    6.298997    0.003031    0.922970   28.339769   18.901247  -237.577591   17.103657    0.012766  -162.800079
  187.000000    3.036459    6.258443    0.004802    0.699499   23.381029   21.047289  -238.521805   17.002413    0.011877  -167.080002
  148.000000    2.995375    6.352517    0.005100    0.329885   19.580690   23.453047  -239.438629   16.937960    0.010985  -169.773071
  185.000000    3.081310    6.433104    0.003890    0.171117   15.513081   26.607845  -240.273361   16.865416    0.008726  -171.588867
   97.000000    3.310756    7.127789    0.004730    0.109416   13.086985   28.026760  -240.586060   16.842438    0.000696  -172.076477
   85.000000    3.223775    6.729330    0.002116    0.031106   12.326077   29.977369  -241.062988   16.815641    0.000391  -171.957184
