  114.000000    3.235791    6.791400    0.001233    0.000000    9.505590   29.732277  -241.019318   16.804661    0.000016  -174.948349
  109.000000    3.213044    7.354335    0.005261    0.083760   11.051262   27.679930  -240.756226   16.817961    0.003236  -174.547440
  134.000000    3.100846    6.733099    0.004528    0.123453   13.917413   25.528454  -240.059326   16.844009    0.008286  -173.799240
  115.000000    3.146404    6.605585    0.003722    0.377943   17.882647   22.675564  -239.394974   16.885273    0.008790  -171.809052
  129.000000    2.991507    6.353989    0.004295    0.738417   22.075579   20.675072  -238.670410   16.933264    0.019636  -168.878647
  153.000000    3.005760    6.236051    0.004173    1.099206   27.054514   18.602364  -237.744080   16.977274    0.017237  -164.747482
  238.000000    3.048352    6.323873    0.003188    1.195488   31.751945   17.148392  -236.871475   17.089931    0.023766  -160.286530
  149.000000    3.046849    6.450916    0.004378    0.997455   36.034870   16.953178  -236.092255   17.194714    0.012333  -155.397568
  152.000000    3.063294    6.382879    0.004078    0.322973   39.356678   16.670120  -235.204834   17.358231    0.005787  -152.040802
  174.000000    3.054182    6.318000    0.003307    0.057709   39.111565   16.763716  -234.238388   17.597591    0.000616  -151.331696
   92.000000    2.893860    6.197989    0.003108    0.551290   36.035801   17.522066  -233.404419   17.809765    0.005744  -152.384796
   80.000000    3.082812    6.228444    0.004032    0.936406   31.500055   17.558239  -232.990433   18.039820    0.018269  -155.622360
   79.000000    2.891299    6.210352    0.004650    0.925679   26.173988   18.457071  -232.554428   18.195808    0.017598  -159.677994
  102.000000    2.998808    6.643833    0.008314    0.635713   21.640467   17.953739  -231.844833   18.256691    0.006077  -163.701202
   80.000000    2.989258    6.960979    0.002760    0.453681   16.544598   18.829958  -231.332397   18.344542    0.011902  -167.194717
   64.000000    2.963241    6.963758    0.012207    0.320165   11.498950   20.666721  -230.776794   18.433029    0.012884  -169.905838
   48.000000    2.789337    6.920067    0.003955    0.201266    5.735600   24.630470  -230.482773   18.558170    0.014506  -171.629410
   62.000000    2.960220    6.832164    0.002759    0.145005    1.124907   27.407814  -229.939545   18.609331    0.000774  -172.856567
   43.000000    2.957454    7.094708    0.003140    0.036823   -0.000248   28.304907  -229.953094   18.627634    0.000081  -172.928589
   61.000000    3.017976    7.198116    0.002875    0.107852    1.875723   26.474821  -229.965942   18.607864    0.000297  -172.680420
   61.000000    2.838128    6.779088    0.003970    0.198205    5.683599   24.669689  -230.439621   18.521612    0.008628  -171.736710
   79.000000    2.983105    6.939737    0.008671    0.282744   11.327543   20.652119  -230.727203   18.423571    0.004964  -170.104752
   70.000000    2.954305    6.771399    0.008109    0.456892   16.531382   19.096279  -231.307617   18.311003    0.004985  -167.173264
   79.000000    2.940449    6.557901    0.006853    0.677499   21.496592   18.167887  -231.863007   18.243521    0.011062  -163.761246
  123.000000    2.929501    6.228545    0.005245    0.946563   26.000080   18.096458  -232.510315   18.152008    0.014525  -160.137390
  135.000000    3.110681    6.494490    0.003570    0.902984   31.586029   16.687492  -232.779663   18.030985    0.019402  -155.944016
   98.000000    3.005186    6.289116    0.006331    0.526653   36.010948   17.284801  -233.398438   17.818550    0.010406  -152.446442
  117.000000    3.083864    6.232307    0.002321    0.094924   39.205448   17.129602  -234.293488   17.579144    0.000310  -150.965561
  147.000000    3.064397    6.403148    0.003295    0.371022   39.373920   16.567688  -235.230499   17.361145    0.006243  -152.079636
   78.000000    3.190831    6.934373    0.004980    1.080446   36.331188   16.192698  -236.043610   17.201817    0.012338  -155.094940
  153.000000    2.990087    6.390872    0.004933    1.306884   31.840141   17.403994  -236.941650   17.075769    0.025874  -159.903076
  156.000000    3.029905    6.501291    0.004754    1.130715   27.016811   18.111620  -237.653641   16.975948    0.026807  -164.855789
   90.000000    3.020081    6.519988    0.002134    0.777263   22.229229   20.357021  -238.637253   16.933893    0.020117  -168.777527
   86.000000    3.057372    6.486897    0.004525    0.407096   17.804361   22.963081  -239.376465   16.901730    0.014750  -171.736649
  139.000000    3.133057    6.513643    0.003977    0.177409   13.614909   26.082993  -240.181763   16.848097    0.009968  -173.797714
  218.000000    3.272855    7.007209    0.002424    0.078538   10.255992   28.048477  -240.701157   16.835682    0.003957  -175.196030
  105.000000    3.218355    6.811711    0.002552    0.043531    9.505110   29.815807  -241.048569   16.821671    0.000350  -174.829483
